86103
25005
35561
550
50266
32595
16244
57977
22942
81552
42410
41149
42070
34622
38087
53785
73614
67810
66298
85904
68704
57132
39206
57964
91603
72909
73332
7678
51965
819
70051
14963
4055
72639
89198
95066
46823
4995
45695
95124
1119
53799
48961
46502
25808
13277
90773
65604
18167
26535
46785
99132
48798
28826
48377
35854
79481
34662
79245
94616
38069
33241
79679
47714
42952
58180
32301
12909
49067
22591
16256
55545
99249
2516
75352
39895
70476
84254
5760
8224
94338
62803
14118
85856
4947
82917
87905
42075
76599
22931
47801
11287
28924
63063
93164
37141
61827
81550
58960
20944
32706
73820
60100
28215
44995
49631
522
15687
56257
33399
37353
85084
20546
68954
81686
46420
69072
89787
67316
15174
37559
50318
42721
42454
71831
85751
84043
97027
35415
33118
1529
70180
78955
18903
57003
53083
36084
36008
15401
98179
35562
11220
45604
33958
29004
56085
16374
95897
36112
35141
44884
40352
90534
31123
89608
12704
94670
45646
51063
87863
49280
60108
96539
72603
73837
25242
76921
77232
81310
95255
93516
77696
15064
45867
95061
5834
54105
7447
40041
83043
45718
56934
88430
7024
92296
42222
4597
29574
72352
30957
61784
95140
41332
74426
8438
34529
50909
43947
99701
32042
91197
35252
67592
18348
4646
60745
25017
11158
85891
18704
18987
80528
25821
14317
71490
15622
44495
78677
83986
43930
20855
40459
51828
36287
30526
37895
58001
92154
48102
78601
98258
92916
89016
51960
12842
95161
93632
31388
72725
58842
47061
67979
46258
58338
60277
32537
1946
70717
60802
66420
93457
41387
96211
27208
82154
97627
34524
40755
91399
18382
76011
81435
37400
22538
84450
46920
88264
9701
48551
72561
60770
72010
27795
83409
33578
14645
19296
92123
61061
62439
76563
5756
55439
21334
74046
28954
31881
5103
27389
70530
39865
2799
17278
85744
15053
50211
9064
76762
81668
77285
57760
31991
27247
38263
94879
63678
80957
12997
2648
31985
52621
54280
52854
6164
94296
85863
24423
4106
69708
25182
20490
98405
13953
43494
93209
20715
45147
43539
18793
59738
46214
18582
69472
7420
94653
59694
25383
63199
64990
24014
39798
72112
55814
6334
56499
53170
46679
45330
74390
43218
20100
68677
36093
28950
90117
19006
66559
91803
56515
49082
34675
49031
89830
22017
4250
24490
91377
95487
73783
50583
38037
2783
43111
46352
49972
1695
56614
29947
6859
76342
52840
87816
10175
25505
84917
55820
58593
28203
13717
18931
69775
8043
32174
43612
97924
5109
97062
55197
4226
25351
74497
18499
30652
66003
50082
32123
15871
82746
21638
83540
15587
7345
70709
397
94328
75586
10643
74207
46068
40707
48033
38148
58359
74825
95544
23420
81506
82813
45390
61623
46647
10815
37635
32861
63036
89152
25322
99898
97093
71209
3381
15811
62881
78691
71048
3700
15060
23919
19303
5358
20634
78842
11581
19315
90486
94123
80380
72019
2901
54815
74666
39986
28208
99706
30211
3505
99208
21233
36446
75014
85441
85260
47664
48031
10086
64873
14997
27503
1520
97022
42279
34891
87072
30575
5456
87399
63845
43774
76212
80658
85081
63460
47176
16853
12361
21152
93931
52486
48419
15347
87675
2476
94740
95177
3309
20517
2782
91058
25678
37029
99089
51589
51630
62244
24465
18982
18829
27923
53220
97860
9743
80268
3109
56831
91925
56462
79682
5393
39214
17104
73710
42856
34722
13445
5994
10426
56421
11065
97904
91753
15879
14132
8855
177
46835
76243
60420
29631
23183
62044
36107
84840
74943
82716
14928
38565
71735
27515
92909
23089
44552
25869
73123
24733
74835
37853
76077
84512
45549
26903
64225
54066
26458
63000
89760
10768
84588
54857
94518
20004
25976
98226
19367
38608
32372
7458
1636
46566
56456
11625
94172
51769
78301
84440
51666
31774
26186
40071
70573
90811
644
48418
78377
41836
18547
26710
35241
17769
61400
81314
9300
28584
60346
17231
87507
61727
53291
95172
94028
10105
74271
50374
235
63481
21299
43648
25942
47767
89436
53223
61377
44018
81658
2940
90760
79011
41262
45523
29020
53432
19093
36554
13249
86473
59457
66990
21809
62122
53654
67412
72784
65741
50131
12579
91136
47705
73663
76445
49374
93378
42433
89814
37775
11441
71422
41320
96166
33101
75018
4909
91808
81121
35531
89643
63613
88302
20926
16860
19268
25057
74592
11743
53491
32803
95490
33002
45022
88975
44229
58563
4960
81921
80470
95835
17851
26954
70326
95993
45354
14711
36218
83146
19422
45412
69372
73695
62232
79549
27668
55953
57357
78515
32420
16342
79799
6508
73070
42987
57780
11707
82104
56273
21090
9543
65978
65521
70844
90970
95735
77731
58865
69566
2349
91744
79692
5630
23935
7276
26269
99236
21304
46396
51764
35769
19898
30607
40297
76890
83106
61513
76488
47424
73992
99516
18678
19282
55170
45554
66066
99027
2744
46572
13867
75849
90672
80076
31599
37281
30846
82274
77417
38662
61994
19471
45130
10692
43320
6179
44615
76167
98185
83654
22689
39611
92075
13553
55373
74975
56020
22364
90676
91640
33704
2623
26700
28048
28385
90946
68281
90467
37405
11877
16687
74657
35806
31993
61541
48023
38382
83822
25442
43071
76755
94798
51523
69392
47461
90027
18608
78014
99379
3181
56264
7940
32908
69166
46803
25602
56381
69917
24128
90990
21273
83680
92397
54984
37925
70364
31411
80231
93846
24172
54676
71815
70666
78461
9751
30537
798
13956
65099
96218
26365
44404
46364
59872
51068
10344
95121
22637
70388
47224
47876
46646
30265
91546
85446
83508
81024
28725
34347
71529
65735
74016
70207
8319
23978
15666
86967
72864
7890
61780
56670
98846
58079
63926
79522
62366
83403
39766
68120
77104
19027
42529
1206
60059
48110
98985
64901
44075
80619
61619
5211
30229
96770
69971
35308
34495
55994
22818
43963
27734
98887
69842
59975
70360
78369
92320
78263
44849
7209
57539
21803
99945
2848
94924
62033
38304
33331
22283
74291
4616
19798
63889
43411
47919
46648
62481
53678
89332
11649
81108
93539
18727
11849
79025
10653
56140
19199
90235
69054
17398
92324
68771
33384
9705
50340
87651
60441
7099
8138
79614
20016
19445
72295
71599
18000
90625
71103
71966
73645
24788
27463
90691
81325
80375
12296
45054
67459
28611
12494
93028
84293
50510
91720
1079
7611
75209
56890
92547
98540
13133
50419
81721
8498
97043
50014
50368
12237
97766
85108
91573
64404
8733
83337
50173
78794
75056
48764
57225
95568
22358
81888
9516
664
94996
68852
59193
48048
21524
23468
75804
84984
79900
21922
30874
44960
90914
23099
29466
36343
94526
37845
29695
94887
55751
49559
31846
64394
31743
55399
21484
55973
77722
17471
75611
83985
37148
47897
45653
74558
64650
32005
22460
46085
80172
20216
39136
9208
18637
64289
14367
19399
90603
51146
49934
3692
93691
19700
46158
97615
32681
11805
10831
22532
65327
87274
77879
62329
76874
52995
57546
56295
56649
73482
71306
34343
79242
62170
31067
91422
25394
42476
3784
72594
75265
5900
3824
4916
64049
26046
70630
17544
53180
27630
48311
58522
74213
68797
18467
22159
74908
40427
67118
7460
17290
73623
7252
6557
71602
64625
27491
33859
45551
16941
70007
72244
380
44209
23372
42305
52258
35233
31069
36671
84683
61693
14505
8053
4663
25891
22248
48672
25440
71274
2569
49768
93631
52198
36669
56422
50089
99461
20684
28347
91510
47869
89903
23702
46829
80790
30028
80019
3988
66025
13436
99471
20224
39280
43923
82181
82529
25979
95641
80880
81393
69827
35436
99569
20503
64609
2303
3768
56809
10547
52405
44431
18919
95415
21733
10118
43917
94421
39260
67564
58631
88744
25491
51833
67713
53245
16021
76305
74192
32704
37619
26027
70350
98976
47840
9022
58844
37882
77029
38406
88710
16058
47168
31831
88116
31885
60302
62390
29285
51988
95009
65823
8131
69283
18915
83271
34152
70542
54817
22782
33123
29071
94202
6162
38422
94688
38552
24087
4613
26908
67827
70688
2638
59483
56543
67452
55554
87604
50147
86460
73019
43262
66477
72695
68267
49401
14138
18955
71380
24428
887
5332
56383
35887
48522
89243
85048
27182
68922
31989
19999
18647
31105
86927
33307
49572
32406
44760
92277
88091
33675
30565
52674
67483
42156
64244
95181
38015
63793
87182
26362
26223
23338
78143
33886
85296
6844
25819
28749
81580
31619
32293
25112
60187
99402
34503
93277
33685
79651
35889
62702
47422
39998
20594
61583
56176
20011
56919
41804
8613
62879
89513
79933
8938
45238
90747
85710
74885
48963
32623
86574
70983
81796
63733
37515
75545
74659
9616
25804
26342
71256
89303
74854
84633
50157
93883
28042
4829
53274
25391
5949
47406
17453
14751
38973
37731
85522
67045
84666
38824
1097
80584
43861
44903
8426
76043
14930
55130
24199
40980
43125
63171
43639
75550
77022
65058
44123
34602
63572
55252
80797
15444
17181
92406
86848
43269
15929
51332
18799
65878
55756
70092
6813
62360
34473
40551
16034
97909
34282
24866
41881
49376
9447
63985
64592
38840
74711
54589
19137
47285
40482
48983
47442
77647
63742
15542
50003
85542
93437
45295
34669
31607
91855
43760
1331
86847
89375
53642
20628
36954
87242
12963
96184
79676
14804
14200
84886
9253
37025
93386
30490
50449
26058
66505
94357
31596
18653
77763
91318
60228
99942
46753
26024
89714
40777
91221
95910
77440
17591
5140
27728
49065
3429
21404
83275
99653
83339
71444
21739
64540
47430
68643
69244
62992
14917
28560
1416
96457
96410
59677
69431
73094
80594
13438
80549
41063
54152
34639
41489
58819
31615
47327
99420
18785
8294
67261
10353
45542
22849
71909
88135
26411
16281
45101
53492
95345
49763
7821
21009
36211
61339
72858
26766
55286
56920
93924
27464
45938
61838
7956
79700
33689
36221
83175
95033
59696
12115
6407
74128
1053
11923
60590
50775
85104
82357
44139
85353
96110
25671
22190
56232
77164
19188
31971
46178
771
86771
83197
83088
84714
67358
10079
69479
7701
39841
72676
5727
500
4914
85500
63203
49445
84579
67079
86797
79860
34801
39710
3567
27656
25418
71525
80979
2203
24731
55896
1084
6819
50463
3663
2812
48904
59942
51693
37589
32947
144
68883
21136
51961
63859
50899
83079
3124
11154
24721
54552
41878
21428
8589
42525
4872
74853
13675
70471
78187
33072
17964
37455
86978
3754
78856
12510
64180
73035
83564
92722
65379
23197
27110
90827
13526
31273
60658
26683
24296
95991
63734
45699
54584
50967
13866
42210
93611
63604
67206
24078
62590
52397
50921
12701
20586
93434
7102
47031
76196
75499
1123
67673
61305
84684
68265
90080
6920
8718
49158
35504
94115
35928
48704
22542
22461
68074
15449
81087
59158
69104
18599
84112
57263
92904
70604
64034
19126
48139
68248
84627
9197
68552
23203
9456
6475
67719
6385
33492
98443
6320
68153
461
73971
34301
30308
95658
52589
54898
14412
89612
68196
47545
66272
42327
43205
21697
26771
98209
76748
11874
57575
62608
43390
64360
77047
55434
79028
47530
48748
97481
82591
40397
68367
10015
60014
27048
23953
43641
65253
19477
46914
99432
63515
29390
69945
32941
68693
94031
87739
99076
64895
27167
45163
41096
3733
80962
80809
97947
36926
25463
76791
73073
59253
53097
82662
14653
59306
35473
23438
19918
90888
63562
56701
17666
31909
41626
67281
35958
78270
42677
94750
28818
42190
23393
86911
42917
45006
9237
67102
5046
55646
31840
87287
6438
84288
31682
57181
92803
45809
45439
5408
4155
42868
71750
80827
59520
57
72853
87005
5378
54636
8112
15532
5160
58695
3781
24713
18749
14379
91904
59933
44966
86631
865
25715
74598
89047
54626
29872
18597
57614
17225
72477
82397
64626
27234
75329
16553
52484
3985
26701
23973
89702
69970
72581
64669
72975
24635
40034
77599
2637
64840
21056
93161
89539
17568
37964
77590
46795
86851
26065
8113
9645
11189
8536
29083
18096
14606
79311
60659
67631
51226
41054
17521
50393
39654
26134
42876
75666
93650
23889
84150
24850
17659
42661
49272
60927
29896
35315
12417
73979
47498
51086
88037
24950
52358
68554
26868
99427
12325
36044
88831
61045
71476
58464
6545
43817
7062
70889
5461
72910
67953
92675
15668
29864
98820
59402
93041
58354
12295
347
72348
50403
56941
68114
33096
55093
35676
27194
73577
30080
40830
23214
81582
65094
65669
31091
87904
17083
73013
13465
38782
38714
12324
67391
52826
48531
32279
85558
28743
59266
295
69543
95123
56426
9789
19458
51034
88317
69738
41294
35523
92116
8212
95273
87178
66377
87910
2343
43854
21390
97396
77408
71613
58520
78739
90167
18408
18377
69403
63213
49197
36137
100025
55001
32031
56640
27709
68867
25831
36936
11137
13712
89097
96551
76783
4456
96556
83327
38637
87523
11613
4498
92211
10388
62717
59087
82366
57519
92903
39188
69041
38135
27115
87095
13873
79773
49478
7996
74168
90185
98469
71126
13444
71716
83624
34148
50426
70194
68589
40501
27266
64172
25124
2222
26313
84902
9025
96758
55345
92910
60943
64368
95960
39620
16382
79681
86605
28671
25806
72343
56304
83174
49513
2897
95758
62990
54156
24138
29127
65662
2286
59198
91481
92863
91324
60729
56635
93484
12375
2048
37764
79912
50803
92542
13401
18559
87362
34922
3067
6427
13610
27460
86338
87914
83241
92930
65688
27558
35175
70547
47707
45227
95656
30505
10335
21112
49060
42325
28391
65315
85117
36855
47080
79207
29220
47504
54185
86227
46612
4983
94957
15474
4660
41083
22500
77840
95012
19937
46110
90478
37778
31369
65816
88800
39333
68989
8758
5556
42455
14538
59771
38641
44889
23043
25392
81697
15342
85045
91471
59780
83712
9030
36346
9972
98551
5567
59971
71194
35239
56689
34729
74470
61717
79683
33233
85564
17584
97217
39346
55148
51660
77259
17599
69809
51671
28259
87686
97515
63853
69112
13697
77474
55661
17740
54516
2341
83559
25226
15985
24934
41873
79345
12213
59429
23612
30930
5018
11052
91802
47967
99495
12158
75558
45499
21615
50379
5273
41061
78972
88109
45973
28062
4344
25978
10294
10017
49109
36200
20745
93944
95931
39265
67111
59835
62615
29976
50409
64212
18141
87954
48873
74664
32498
80557
87485
8026
41813
78928
75427
9342
73249
42458
60765
89011
9305
55181
4500
11992
27760
49085
37194
32538
5894
47028
96979
9835
86501
13089
61477
74255
13238
5418
84224
37159
7537
77472
92829
80719
80359
90358
58124
25251
49895
83534
46337
29743
7628
58501
5929
52030
44280
75510
29570
69534
37376
35791
76025
89108
34721
3566
78169
89415
6364
70061
56049
73449
22560
22786
3449
6513
88187
73182
67930
94565
42392
68440
19587
11557
4075
68377
48641
91858
32143
15071
20506
65767
57807
39526
40746
40820
92596
67022
69128
87265
38210
64119
55147
88162
87848
89881
13380
1404
28768
30091
1915
81260
38313
1921
52155
71396
77097
64231
48039
69628
20416
97703
3165
52972
38111
69230
85471
4736
66868
90131
48529
73141
68549
67080
5026
62813
88296
47136
81039
96516
37103
98012
85292
32225
12546
42071
27581
72364
35023
73042
69940
85128
82002
83086
32165
748
34674
91987
78177
17912
80170
36352
34888
37143
20788
68083
17929
28370
9540
21812
12677
2557
82800
11190
94209
44866
89951
87352
60641
58833
475
97955
63835
66885
99652
58333
3709
88906
50709
26099
5150
38597
10031
25135
69159
65592
30409
97472
57591
41250
19229
94136
41603
10664
92004
2301
8977
66076
38585
93906
84097
84327
31131
97288
30904
35647
4897
93789
5034
83036
81091
17987
45139
86292
57744
51870
7905
92304
67061
97941
97705
37266
77845
40011
92508
50537
85157
18519
1864
10503
5999
94718
60588
12805
93727
57418
18429
47600
47916
48389
50959
28969
88902
75628
59630
221
98174
91652
44214
820
100020
98188
67543
78118
36883
19193
80765
60262
99459
71220
58158
53504
58734
35466
22459
80903
66261
3287
63755
97804
52582
78569
50249
12871
50798
53185
4394
88798
25884
11498
36149
76234
91885
85438
28145
7976
34765
43960
4781
87551
52973
66810
55761
52613
91452
1798
97496
20368
182
18332
37174
5024
43472
89090
10415
54539
75928
63452
58138
90490
54797
77846
68309
38190
32262
26238
43551
51683
12471
47344
7920
4383
87611
22476
26320
44938
10530
6229
4225
81079
69493
50145
10219
18720
49394
61688
79611
30010
78840
8454
64561
55473
4304
76163
49475
47814
81636
75061
13903
24481
31496
46004
99415
33482
71473
72463
62318
81784
83244
18920
58188
20736
64121
77028
98406
12767
11841
88580
17877
50968
14698
16639
75494
83346
89557
88484
82921
514
83857
70521
47274
24639
87865
52340
44734
63785
39009
70645
59882
662
40365
33392
50580
44820
82856
82123
57492
82481
44720
1451
6798
8469
91229
33065
75256
48271
75942
64888
23109
80899
66850
27895
80092
96055
37716
87176
20980
63223
68368
74840
75344
99238
81685
84711
9039
33078
94085
29808
1046
46946
52725
40911
61493
58731
25637
49625
42999
91435
69047
52246
58882
89271
6553
3797
72857
56699
7364
94566
12455
33634
79465
8948
2447
89591
61848
48166
73372
61871
31922
31769
27271
18592
17392
60252
63119
94423
13539
84023
72911
23226
23616
64690
66096
74320
38711
51518
83996
72598
60654
52651
42817
53934
81475
48083
15298
15836
12233
54766
61574
10224
58906
22650
51354
469
54588
87771
55408
58008
10620
52063
59391
8036
95666
46521
94541
90368
91153
57129
88035
20148
60163
48207
14729
39627
10173
10381
95899
35062
78776
23456
90252
14504
74408
89799
94713
90197
98049
84413
64132
54354
32573
92686
77781
36301
3457
76772
54940
8171
41465
36576
31955
98969
59313
88532
28465
19847
78188
51848
49772
16121
91647
79670
68741
65360
61608
75988
40055
78350
5366
7512
41281
66476
47070
42864
94205
61820
75379
11240
45089
14597
11417
47956
77237
23063
22217
64065
83338
692
35007
81497
3642
72171
51500
27810
83262
76008
42330
7087
67905
38515
24606
17982
78264
34929
33560
60055
27670
2010
54960
92810
21714
4465
51242
62531
3519
27835
99947
24216
86584
93613
34396
58645
74644
43598
76254
79747
25006
98001
22272
12269
65198
33412
68428
57369
59164
64943
72602
12396
97183
16676
30198
72269
47342
44739
25164
791
70288
12067
25109
16750
55045
76182
35270
18807
91604
47062
19317
68135
5598
9302
42767
4419
72130
41825
84071
92511
28747
40360
52734
34980
64380
20801
54057
39039
44095
85998
32884
29985
25028
45258
8220
17145
67314
55886
76951
76524
3293
87344
74183
29549
96496
73105
55865
86433
78232
60139
33623
19252
85067
7946
18277
25332
35380
11305
76665
55635
93364
46999
25710
62376
9707
17588
70976
85435
99692
57739
24545
71322
77378
17524
75074
8221
82650
42132
60966
29202
58325
30961
8126
12226
86667
22166
82664
16715
47479
26179
15735
95974
53154
76217
36424
79713
52781
9283
46654
5217
68628
66336
5421
26896
41959
87636
2399
69456
86149
82883
88612
67808
40153
22724
45158
48063
91786
18699
48937
82198
85284
17264
63416
7327
46251
10303
21285
88288
4836
79839
78724
6652
14720
76892
6505
4556
84719
69053
59850
36682
12171
40010
65156
35795
61878
67666
24904
69732
60799
40090
74411
66572
99783
60678
90387
13987
56504
63337
4879
87154
68244
87224
33473
65535
40515
96956
45193
86085
56045
53933
16026
50272
51020
66522
79515
19365
83946
16445
87849
44458
40396
77587
3717
69298
9871
37054
16340
50886
15517
35832
26640
20003
81253
49257
15638
56406
34470
90409
82858
22534
72048
20231
84965
15565
90270
49259
33200
74317
29161
15610
11606
41347
60592
39095
84541
82101
65321
7572
67882
77601
40368
13402
36676
94962
84547
63461
57654
58525
77196
66165
60598
27887
22091
13693
46001
71013
99444
72373
29454
42814
57168
65791
85771
80947
51052
100019
97085
17880
272
73266
49917
10575
84398
49520
65259
65128
78135
55283
89483
60617
83406
49892
81555
8363
23843
49145
16131
29091
92891
97699
41345
58453
15480
83780
209
13413
12941
99286
20017
61262
41715
78920
83865
11799
5356
17632
53375
37339
67931
6449
57659
15832
67787
88441
29503
92898
74044
46618
44692
58653
71855
23461
48281
24089
53229
31895
47756
23500
43712
11140
45585
31250
11676
34678
28942
4287
45219
75460
9502
34683
88011
40247
99735
27420
8947
87928
36789
48390
32460
22936
25456
26660
45366
65861
98576
31451
16134
47595
57273
9193
74344
92706
70935
103
39788
1275
43897
43466
98029
17777
50322
27701
7196
57139
72400
53279
77634
62656
39877
53172
55967
17197
21882
25638
78826
79172
33932
50378
46314
61487
17173
39633
84745
34353
99212
83039
9853
8600
58815
94444
72313
95351
24593
87832
62700
54964
15748
34517
41071
9048
29460
98107
63685
80081
97697
25223
37208
9683
37614
75894
21432
45756
55090
98673
56166
1622
42844
41757
64108
31838
4463
57980
33095
8242
94448
54900
90202
16979
4390
70899
84381
77913
58773
76361
47063
18908
50392
59176
9778
97946
22128
30886
45683
42022
26264
74516
96099
85071
3542
7200
10852
75503
24253
62332
82837
44991
57053
2847
9360
96221
4083
83728
29000
64329
5315
43969
88637
55168
58367
37404
30673
38581
95692
45026
61607
61438
84994
55782
82724
21117
32716
93782
33830
85000
44759
67742
13098
91297
77971
21165
54102
70054
34656
45546
22822
87042
31559
85758
53879
72409
34269
25008
97679
78690
57320
87013
59519
70015
83024
10586
89510
26610
38143
50944
30569
62837
29027
40817
16459
41760
1144
36750
74246
83259
87307
40449
90582
62919
35071
2383
67961
37371
74331
37859
97357
53034
34982
39182
17249
43974
38876
61384
53045
34600
16011
63447
23954
16282
57526
18125
87420
45634
72466
64434
39521
94632
20494
29627
60709
92008
76556
83714
98560
16047
20553
38065
16261
1209
11323
11728
16332
72099
16542
51240
2178
63843
98454
99374
19925
82371
89515
94894
21671
65635
27800
44111
24540
64070
75781
30623
48159
48087
63718
31758
26777
56993
30281
91948
44854
55970
90432
2566
92919
72398
29682
91101
59871
92219
70667
40522
27678
24687
96342
45443
76759
7093
46509
63774
61366
60270
31093
80438
98160
1811
16351
94900
75668
31513
93349
85645
81442
59700
29225
63725
19732
81022
54880
84458
46609
2769
38946
80486
74131
43529
49519
7450
38425
82193
79908
75547
43578
21701
50604
52564
27666
1194
30873
19094
88173
75216
21257
79023
1829
40734
12185
54788
44634
12101
83449
86987
52821
62183
41367
57396
12593
89249
35673
2633
28334
91100
89477
59237
31569
67553
86878
46593
84349
45746
13363
25657
14319
6711
80450
3930
16976
72525
90560
15035
10657
61691
49436
63107
61628
23385
52088
56562
89688
10322
83952
25653
30258
51136
68648
40044
86316
62868
72198
82577
49826
19590
6944
4163
10878
61761
53043
44017
16796
68907
19572
73827
99337
78318
29367
30948
47849
97307
11459
22905
25675
49729
57324
85811
54696
83170
10776
77217
97635
84291
41728
65160
32542
19812
33760
23965
89795
38535
57640
52501
33380
86645
76407
50868
68494
66568
16884
52569
8534
58539
86629
55796
27724
74874
47505
66664
49842
10882
79010
25068
25961
48666
92162
84715
16843
33028
74805
48042
47446
72995
78953
8350
65401
72121
39354
3674
85082
10921
66553
14567
97523
78352
58403
49471
44823
76000
53328
48768
6657
95395
44069
61609
15168
36825
58764
21135
14599
74063
35790
23384
72680
52698
58058
45082
84268
22359
96311
744
97896
99762
11129
6871
65940
61465
31753
10435
10168
79396
11578
61855
60181
11454
5657
69646
17894
97619
90443
62200
79732
53275
61986
18739
63133
61523
51893
33863
46255
41482
31007
27824
59112
60114
91144
96435
39713
11662
9036
22888
50724
75053
85596
14473
47704
39516
38900
87279
9350
92892
70390
30887
52746
55598
87309
88446
47629
73465
73296
94916
61816
82648
80953
9464
30009
12366
28500
5853
1845
58560
7615
17063
74158
11729
65857
64419
67098
96120
62905
82550
51682
96780
50652
46757
59359
77216
59142
93073
96937
56412
61934
78244
38618
99017
33442
35763
53532
75235
8330
12397
27594
76637
1492
33661
23426
74549
89268
80356
51676
86549
55464
72589
90961
83300
80441
61189
39730
35985
5905
54078
14451
39043
30261
13293
86973
56127
10449
56454
88287
15319
41248
98974
57359
63776
52190
19690
17620
94804
17508
37340
86261
25187
54220
20117
45185
89743
71868
88046
42398
69627
84017
14280
41131
44969
70485
82343
10730
72306
72758
96273
12650
33892
68698
3140
52003
44396
94212
54916
63723
3539
89987
47764
63700
35808
83911
1615
32434
46421
2733
55710
8681
35782
38890
53720
22261
60162
84379
20268
54688
54811
5204
16623
22834
97189
52808
80780
7142
98290
39453
37213
35982
49080
84129
12557
98941
67376
44452
64443
58347
97201
32033
5856
43298
92760
9602
57667
54774
25040
55011
51738
44801
81014
79421
91437
85427
96349
82624
58027
1019
79894
12604
9133
98310
78804
41235
54002
29805
83983
29308
91294
63365
55231
59119
48508
13253
84897
27377
83633
82096
63423
80204
92193
74313
45650
92180
23781
100015
73011
66486
33708
48337
47216
78497
234
50672
87989
25191
13022
57113
16323
89602
75670
47911
14652
84143
23655
28618
25550
19978
49002
24456
1768
57047
2269
49982
86508
88098
18250
99781
22257
43080
67251
74555
50074
75289
647
95265
86915
18231
63653
23157
12897
87218
50200
3906
66758
56582
95630
6031
17322
25385
46126
19108
50032
74272
65275
74482
31690
57250
17376
72782
37887
48307
63226
3585
69972
51276
89246
87398
80806
85930
