84083
82468
36301
78986
57144
1582
28863
59258
34677
43107
43274
91002
86876
53733
84530
1056
32073
86852
4429
4145
82374
15923
86490
16344
78568
83430
33511
75841
9357
18648
79376
58307
9696
41792
46312
40178
19462
47457
12010
17201
5907
33489
2717
97170
38855
65362
58056
74488
3440
53902
49916
64199
10946
43264
37848
89852
25754
60537
57149
20877
91699
96184
17597
33610
54073
51137
4128
72582
50505
95471
65588
95184
6419
44842
61732
60589
3652
76254
63583
33426
60524
51485
13085
61400
49126
10719
2125
24998
36564
79074
48880
86586
62310
42282
70664
56105
42458
87059
10580
15485
40446
72472
37154
884
22266
81793
62013
98459
33445
15583
78550
49293
96619
8096
86851
75594
7804
23404
73745
25378
29275
74323
51772
8760
77900
76062
29272
80291
97618
27214
19316
91838
19754
21613
42371
7151
97759
34245
17567
46208
95099
94842
52255
15271
16775
31483
12260
16229
97297
69870
59844
41690
20429
85096
79742
22643
54518
54827
37850
52184
38857
63943
33577
5069
41250
34997
4015
55895
5578
46863
39545
65115
92530
55873
95460
28122
84870
106
78275
51852
413
872
61012
32111
85423
66116
86601
43791
89444
37898
83453
84846
51985
82474
50769
1848
13320
32381
79501
23626
55692
73512
85316
5184
94630
52470
38762
50488
72699
68687
97326
86108
94405
5749
36285
4373
73534
52160
42063
25159
44195
64021
50500
32578
41049
62720
7327
55130
49328
64146
93128
10295
95944
81822
78185
7331
12193
55165
85350
51395
92173
54434
72081
64345
32784
35810
76696
56593
6784
53552
39690
16318
89272
99113
94564
91639
61161
33909
38341
99750
17646
52082
19047
41519
30992
37940
24189
47236
47460
57780
21524
17905
84600
2730
22196
54572
63796
21818
52941
66977
58586
30385
46094
35979
69322
36400
79878
11931
53269
26934
22545
59072
15481
56812
72433
61168
48696
37951
62599
73483
18172
73732
23874
71485
85169
33745
6155
15596
25601
86933
35675
60238
21217
42811
73464
40877
31686
35558
99388
7173
13867
18763
34696
43318
17780
85500
27906
55198
21647
23928
83627
88460
95707
93702
97174
88270
26287
56373
68303
97551
69718
84312
83731
90852
3842
80257
28777
62013
5736
11640
38958
72413
17758
97185
8369
30186
61737
73857
53341
29409
67243
85757
79770
27342
12367
41758
37165
62991
28831
73891
27113
95833
92404
42567
68490
7394
27732
67556
9858
28972
31171
42649
19842
72364
28550
84754
22547
45908
6593
93436
79036
82744
5543
22873
95558
79961
74650
6534
77484
11514
56485
85312
27707
53933
45245
29451
59829
24111
86710
36012
12195
95728
18932
80318
74589
5164
58078
29500
33364
52251
91632
4495
64484
10547
93335
78701
6409
17619
35662
67340
8622
61109
8019
37767
39099
32183
32916
27028
22971
6643
53272
68868
82456
80885
70924
66300
54408
99321
70431
49599
88363
63994
46607
58141
2474
30662
1742
63465
55007
5272
41577
49071
32897
13506
26941
27985
39480
88328
48907
27094
25391
93035
1975
27605
14419
22845
58282
3402
49610
52397
68669
89455
16830
97450
16271
54810
27732
34996
70064
10285
12347
78622
61018
66253
83701
75382
15949
73074
83602
24801
