10146
36112
3053
31459
35622
75063
83641
70121
5745
32733
52550
4444
97257
6597
94471
67607
83760
60187
39034
92059
35414
5174
91424
43738
49988
15149
34924
19084
36767
38657
15690
59984
97830
80731
9181
39993
72837
2006
93531
44974
3881
86314
47104
27821
87537
13248
35079
19133
23
89728
69139
47445
68186
10103
45518
40857
31185
27831
47977
14829
76354
92257
46832
92397
76461
73212
30149
96770
10994
98083
45451
56947
35343
60902
24501
23866
60576
40087
42438
77467
45973
91498
76193
71204
33764
72200
93900
16879
7926
43312
23432
9058
37510
77811
55646
27386
90878
23316
75279
88857
13311
28384
58633
19344
56119
69356
92125
70776
16261
68845
26350
50628
94302
52105
18895
61090
73610
70441
11928
55244
40283
3140
42897
88828
7523
17665
99279
17002
52071
28542
59162
13928
79272
94618
85738
22425
79667
37707
48367
64127
21486
98714
70935
61938
80110
42440
16771
72280
44160
75
43239
70209
23462
27882
36952
31797
54086
71155
81598
22874
73102
84137
46814
59155
66623
59807
97979
11969
42682
40422
48518
23221
47330
90050
100020
94267
97646
13002
85865
75160
94623
44450
37755
91096
11019
74290
13061
24594
90439
39061
81374
92989
18972
64004
55892
56624
19338
68788
26457
33266
15200
21157
54886
11802
55989
76141
10091
22983
48365
55787
65372
73685
29206
73905
98575
76287
92280
35603
76131
9926
37158
25853
54828
65341
9352
92804
92581
17902
86857
97438
10831
20198
51085
71625
53774
24672
85168
44920
98367
5724
70515
95496
96184
37933
58180
84649
60019
87258
6994
78513
49286
63511
19132
67505
4877
86346
88267
73072
75962
98595
46428
21986
30705
60817
1525
45780
22466
29325
42757
62558
70480
43972
71672
65363
25037
52310
98388
84101
52140
74253
51082
16083
61112
93969
97817
5722
58089
2498
65585
80067
24899
86233
24966
81900
14019
51701
8270
90174
37625
48726
22106
57228
45883
9219
76275
8973
29978
85407
68458
19410
65388
96737
71718
58272
18114
53348
67047
92372
66023
53240
30905
46127
32296
57326
48631
69102
94343
11960
2502
33797
100032
61980
35265
95418
12511
82097
41477
43113
90438
86517
81400
64894
41779
72050
70092
29110
56416
76255
58439
57421
1775
65922
54926
22637
91695
26893
73706
56660
16201
56536
73169
22825
33283
48107
14116
21263
40338
65348
17949
91547
69246
77741
45544
38386
99322
18516
77833
49318
60645
98543
87238
99968
97775
98504
23749
86568
83072
97240
58469
5528
4000
87577
92109
35656
61997
70613
91692
79397
26809
97454
50460
61452
83704
13117
90463
82860
37969
92282
51672
76837
42396
35305
67388
69685
31217
26960
49042
81276
45968
32355
61848
41892
81149
54594
66641
35003
12713
8844
43773
46750
5511
36857
87651
12797
18474
9531
99197
35215
74778
97177
36377
5771
1150
44248
75233
39770
70288
9958
20505
27027
4923
10924
36443
67899
52652
39830
13544
95505
63002
28237
38806
61018
45997
74685
99183
44930
51959
60689
17688
19139
86751
15195
25987
58621
17750
1591
99377
99240
76853
38554
43027
13146
41426
92605
50240
24932
77779
73881
35038
30960
96171
96470
95032
8757
97420
55572
44902
29002
69642
34231
73311
14972
17434
30787
26918
53024
94375
90543
23509
82081
83570
48374
13790
53876
37516
751
95780
14771
21322
14758
52329
65075
58851
8994
39773
31943
20514
13894
44894
56418
41954
8234
2496
49470
15389
8290
8562
60666
7399
93786
88665
31770
23520
38949
83610
98397
24439
86611
26642
10739
89765
86474
31752
32386
1347
85128
18836
46206
88903
86325
81377
73787
63303
85031
25436
94965
54593
84013
10954
19574
23914
2700
99799
72465
48665
16534
17552
36925
10547
41279
99480
53673
30529
72858
79100
89540
64776
9927
57139
52167
72147
73090
54588
61166
62531
30859
20331
15337
37407
79394
31577
42759
50908
52490
28748
41105
15865
61908
68070
68865
39506
14086
79220
7028
39200
77134
47107
24768
61252
79419
70136
42274
16057
7218
1859
49635
92144
36259
67129
82783
72470
23095
28250
85982
8099
5605
97387
89477
71555
10007
62745
72643
20870
24482
825
27062
36735
53086
99785
41611
54449
78032
34652
5796
96615
31009
68059
33322
54308
66137
14881
61111
44049
97227
61743
97773
608
28111
48503
49564
14441
75652
49421
75701
70764
84105
16292
7615
37400
95122
32488
47355
93882
4609
53814
22607
18138
68413
87192
48248
4173
28091
89360
43697
28768
6891
26906
31832
92024
77300
92962
26488
36830
93758
63555
86958
42743
37714
11266
50923
28084
97915
49765
99460
26436
90251
38019
67788
22769
63543
59139
34782
32311
48336
23559
37783
52176
83478
21684
55764
11427
24511
9496
44837
26373
82680
18679
25596
85084
17779
71824
2016
43146
9090
59994
96870
10055
27281
3320
57433
53160
84856
45207
78183
65587
72208
47568
32184
70057
61390
50614
61608
77425
57257
19483
85828
57408
11860
3464
73067
5929
11469
19559
72891
92630
88686
82881
18070
9424
12747
9547
59663
2761
89041
23233
34274
28345
40996
96102
3795
99913
65409
67343
76590
35546
97695
71572
15598
29398
22194
46818
35113
86870
2213
21310
59586
10144
49466
55662
25461
59286
23624
5902
45558
29256
10987
19784
91386
4699
72722
63383
97002
11335
92039
12323
89179
22263
38525
79944
33146
23882
68793
74746
94184
93992
54480
9839
97558
6054
40844
61876
63735
49806
79072
11519
71382
62306
19293
80502
46205
26924
97474
85702
22305
30361
39894
27426
71538
26217
67076
82787
52887
83101
42761
50966
38403
11077
77039
99887
2129
82943
69529
92918
86784
6178
86863
30302
95193
18258
83393
91437
27187
31945
17413
37569
41317
13934
40343
73837
58540
27077
6153
64280
92331
46217
55608
41646
84338
67045
91663
38012
52517
46165
82435
53013
69315
18098
31430
20476
30783
3793
62426
17419
75583
20435
79155
16839
42934
9831
99265
37980
30025
67557
11295
41144
85453
52084
53677
76616
57138
54648
13559
85768
29320
43721
53534
4541
9514
46865
14164
44713
59707
2
30058
77233
41963
72167
31644
90035
40131
23439
21465
88831
48183
73127
39327
87884
56635
86091
59051
64011
67227
23510
48801
32349
65276
79520
23267
35035
95365
51214
78721
10965
73715
50033
91975
35668
28301
8619
8581
19647
19750
29527
25586
91031
16741
84479
20655
67979
98450
83097
76999
17900
20541
41453
35557
36457
73257
49657
66393
85992
47764
94708
81750
34880
59092
1919
73690
73056
66370
8163
81245
79963
19909
92491
14141
16312
25361
17212
70476
42129
24047
50346
53105
58745
57343
42091
76538
83893
29170
96664
59470
71946
2066
4733
22538
42836
41388
44137
63033
72434
91691
25847
37834
5124
14271
79077
15045
70981
69679
83492
72437
9976
14182
39302
68869
53178
48605
95565
53323
57542
93085
67199
84168
55119
24983
70630
19388
8951
92853
38587
15761
76477
85787
22814
35270
94311
95334
95233
43116
49540
63218
6570
89558
53766
57606
65505
29709
34638
8295
32608
20776
27190
18179
46326
19045
99137
87107
8221
34749
42513
70337
68821
39588
79609
32091
24465
82751
11714
56595
34974
5000
38119
37769
29981
21409
58873
46133
29513
61130
85151
3758
88537
8843
65928
18251
22667
35950
90682
2998
45878
90139
71433
1113
68588
37176
62648
76465
31971
81556
81296
93264
59874
64877
40834
53292
95817
65763
91824
96120
50186
46914
87034
94807
32345
20837
44575
83023
59683
42553
46532
90640
532
42061
36083
38429
81474
52225
31359
26101
77659
33773
31529
79424
20955
87947
43490
43013
22372
13124
21116
39744
55955
60381
63075
93689
68954
93660
38730
42408
67588
10128
74463
36992
93024
75615
8131
18832
6284
92160
97073
27614
16745
52695
78037
36614
39717
81348
7540
48591
56197
74259
32159
87677
38033
2481
25021
4949
6811
45952
58075
34331
97772
83997
19856
54039
68463
35106
95377
23724
38682
67320
3198
42125
35566
17390
24278
83260
55291
43740
19862
12156
50363
71390
62797
40296
14284
71000
27272
87700
96318
54618
87722
12540
49801
66940
9949
36544
40731
75737
73743
45601
21267
99033
13188
89833
29440
14361
88603
77214
76695
38566
51181
79686
27669
6931
19432
66791
73478
91283
70347
54552
69213
16641
80177
95925
87134
78058
13705
35063
4676
48606
50069
45339
35285
30139
41220
33603
1092
45498
8977
62588
25760
12402
62153
22681
85190
90255
14250
91479
33011
79508
17146
10124
28199
68122
21259
81356
61791
50785
57303
74536
10958
84625
19635
88224
14631
36636
53911
51269
27938
90772
76165
92286
59056
49549
54519
75969
82165
31223
4842
26661
74027
74031
51623
61500
68468
45943
48728
46703
7066
55865
65814
39513
75600
92014
83237
56929
6787
22903
62332
83483
24247
51521
29284
94027
78352
94824
99584
89674
46265
60596
35257
16202
73240
28404
17235
21218
25239
58282
50634
92479
56962
98265
41440
45990
84624
11924
53981
42206
20164
74351
97326
72224
44375
67743
77991
62612
35058
46032
92287
20885
98700
34800
41873
16701
56454
42597
82420
17138
69132
59590
49762
33211
70500
96018
33798
60179
79581
17912
10398
641
13997
84784
48764
13031
55043
61295
92198
11144
77237
29707
14880
65366
77268
14334
36564
93065
16104
2455
91559
23643
46190
60922
84809
82006
73259
42381
93658
56057
70846
79218
21933
82644
69761
34618
32589
99966
18840
13952
59549
40080
3639
16061
49121
31116
14234
33017
94147
96482
5981
23264
21142
69247
20295
84186
62039
30592
89817
42667
21542
81742
4204
35471
54764
75188
2249
26086
1374
27118
58558
35678
20386
89688
20268
65246
13943
63050
16199
16247
86506
55271
29537
64706
15044
68894
86251
40047
45793
7927
77019
21276
82497
29926
7049
22149
7423
60323
86374
99124
50724
58321
97163
51011
6141
1831
48696
60825
86376
54686
8084
30069
30074
98889
16596
57672
17080
20240
33304
93628
34424
29085
88708
5602
52016
83451
93308
44144
96433
24101
16219
41157
60442
953
83848
20168
49636
54116
55022
96140
33861
43950
39181
61484
81078
46157
19169
38737
16919
48441
22744
50676
4077
61251
10784
57492
716
67425
14710
63646
23543
96670
20527
45958
50351
82627
56102
2577
21208
65173
66535
61442
60324
37582
36660
98950
7375
59340
74461
38190
21654
22158
42519
51553
50405
48508
98491
86199
6453
75730
87268
19702
55074
92270
12142
93669
29388
5629
81359
10808
51777
86805
22323
84389
61169
26242
55060
21590
71153
50865
81097
76292
11995
44790
31050
48219
11168
74607
35135
37799
26251
7340
67655
85493
19386
88228
34658
1772
12801
5141
94688
86476
3403
48796
42537
93949
1623
70445
53652
63371
23719
32439
72562
22761
44525
99263
50616
27158
43628
1453
94071
58893
53862
77620
991
49029
89060
62866
62218
88140
63393
32907
75896
59631
71182
3056
25654
71674
47488
15327
80993
95201
73607
23852
45903
14711
31265
64279
30754
38841
30595
52483
43523
1157
40602
13241
11881
77438
78642
70229
7396
70143
60229
91956
86437
45692
31710
67801
32613
86148
21651
29710
5042
88280
14364
74660
29042
84711
15583
68246
50230
32432
50463
88385
84913
36972
40687
14228
90029
99260
62022
23907
5271
98553
86582
45146
55904
94024
28413
68145
22963
48699
88651
89639
12440
90232
60090
96290
34914
7212
66343
65566
41116
11901
8726
92367
168
39624
91270
3400
61618
25458
96123
62582
38124
51970
19378
78147
27403
22943
26168
99199
56644
81329
76581
70010
86727
86413
60641
14219
5521
24626
49743
38366
34598
22122
99381
44065
91890
64147
55620
52282
60762
18977
79949
38473
91358
54331
95347
55114
4589
77127
94908
31055
27861
37275
41536
54627
85861
15318
27490
72203
36542
69491
23473
24361
33102
79361
46892
67272
57688
97150
17329
88223
3151
34951
76077
41835
66882
84536
9125
26399
46698
1069
51867
82441
56508
60194
92798
2000
71881
95700
22343
59293
43311
77806
39548
37886
38374
99544
13624
77436
95634
1356
59009
73635
18669
36005
40276
44764
63651
40868
5230
70944
14778
74477
108
80486
69299
79511
18311
37837
14369
13490
69789
61987
80425
85489
46957
29948
37
49451
17765
13572
5835
40226
80076
31715
65013
64696
62947
82032
65129
82808
1762
71372
30791
43901
68311
58738
47016
47341
35493
87867
38520
91497
38378
11883
42074
77455
54250
53613
90813
55738
46559
35519
70555
25644
9912
41318
6280
97284
67469
39950
79839
85433
48882
89972
26632
20770
81440
30352
86612
91859
19575
80822
90100
6208
71869
9757
83708
75367
87590
40552
81962
13463
36143
40175
32268
38189
33450
71509
6663
85223
44763
97010
65095
27916
35220
10015
14122
8123
72744
65592
18478
48625
29958
17970
29155
22476
33244
54376
91532
88742
93886
43371
19838
99255
5660
67792
16079
91866
45713
33437
7825
30802
45036
88122
55679
78259
