65621
11893
26164
54607
44230
28823
31080
2344
34472
676
21245
3802
74576
38673
30732
36495
12721
64746
52600
11801
21350
6195
88949
42263
99329
88232
18496
77867
90472
87608
15238
9985
88636
50578
61172
5444
50882
5993
10702
73214
93119
76206
45363
86689
72322
13699
7344
72093
44004
41131
2737
97466
53914
35530
92928
40587
21422
20185
31424
62866
54509
47813
23455
11682
86682
55906
81664
91838
64630
99811
53982
66475
39032
3535
97283
89015
38936
30626
42489
80040
33366
84008
98471
56521
85066
69553
39798
7251
55818
38990
87863
61187
43053
517
85598
30189
9033
79551
70062
50060
15068
30393
1672
43420
91873
3143
60162
49220
85964
37308
68511
51213
100061
65667
12463
80310
90389
86653
30575
19213
91565
58768
35908
52427
32593
98643
93855
9833
78431
76576
83165
14690
49613
81217
22667
88038
49844
58925
36634
90016
10131
88270
95064
30628
92853
15111
22849
96424
56658
55053
40869
13440
99724
59932
61593
52508
72145
67533
97195
68344
78758
87074
80508
12005
29101
49604
53364
55682
398
56097
83393
48744
69627
54916
27757
97484
71182
53983
3609
44843
67565
84536
62418
45245
73518
377
17026
33279
59406
86215
79074
61190
14169
52241
38754
86857
91487
2364
17049
29515
74503
85285
88616
69069
5207
42791
30399
46503
99022
38685
47366
828
15928
31467
13322
25420
37527
12054
87258
18548
91795
47431
47352
31053
26595
66914
4314
89823
68525
37903
54132
39329
92702
60607
90428
73102
29769
84596
12723
62217
98857
47753
2328
25562
9272
6327
97787
47898
94777
68651
48227
97362
87958
12425
51034
1057
41449
73222
85578
22922
27517
12624
33976
61840
48888
58857
22174
83840
42518
50027
23562
50397
71568
29195
41238
91704
54211
20118
1786
20390
42868
94238
1184
81455
52031
26752
18098
20756
93197
23714
48729
87290
9141
6031
7377
86435
36884
88712
87581
73477
50315
3621
20540
11246
1500
96217
49913
38357
2145
79720
67851
81211
64890
99469
66162
95681
76117
41643
63194
96559
8612
17357
97507
93196
8328
37914
80208
43573
36255
72306
9838
63301
39274
12857
53702
28394
61994
45351
66344
86731
65774
35485
43124
70574
45254
27954
10007
89421
24504
24638
93915
8532
6705
74815
8329
95318
83391
34117
44276
52209
38917
18696
77820
11549
81835
97318
14346
80273
4703
77927
38882
49886
23200
66726
36446
21922
95061
73793
95866
33532
75205
51500
22865
20941
68501
10518
86193
23830
18770
34485
74768
70518
55531
60052
47421
84111
53821
48668
38245
29706
28663
21724
67467
65441
28721
25299
7791
34554
68942
92668
63391
59797
97647
85993
61039
82609
71443
81979
1809
27530
36943
39291
58011
62955
14201
52157
89578
12330
6121
81073
53365
90256
92382
46340
43740
78104
49178
7342
43137
35267
85599
22594
7210
42910
75550
10255
34369
74485
72850
13938
98628
80049
49331
96982
29274
73111
38525
77405
13054
44649
80294
44577
50223
89501
61803
80077
67517
87282
76055
95303
66144
67947
93353
6492
76149
37312
8799
84030
80558
10354
89720
25939
23738
39287
37047
28077
48958
75817
46851
54639
93997
51112
80724
33208
32958
29807
83640
33902
13686
89165
93209
21062
80449
35126
31800
80447
87442
52296
89945
63090
55653
28802
21107
13863
8491
24120
2783
2214
64269
93212
35829
16820
31840
20963
77179
44188
63027
52364
56534
76385
64228
53091
58849
83987
74687
82500
86998
32977
88728
28446
78635
27341
41514
7587
37441
12238
92103
38546
66002
6102
61074
33761
50172
81411
15598
22121
17574
47467
79866
98674
5668
30495
9176
72835
45680
46116
37653
79936
28429
79411
45826
11518
575
21728
2373
86425
54891
23672
92718
41966
83120
74279
4931
69489
31471
34263
34717
40594
1558
72954
87096
36948
47240
15737
73365
45843
7827
11304
33626
39175
61866
42744
65385
71743
42113
7400
33401
68805
93318
15198
48590
76086
51253
65640
74123
16379
52895
40592
54931
87636
38326
35323
74310
62030
34608
30865
89516
84432
55467
40289
30327
8941
29077
88477
90233
39120
54442
12240
38072
82419
20493
97733
7977
46203
38423
61961
58098
93428
31707
9558
40995
17642
17587
87696
33644
26148
18994
88489
6824
30076
23100
99087
92344
55801
79131
7489
70146
76410
13299
97317
23524
92187
18588
35804
88603
41146
93555
75272
63542
1598
665
11736
63188
15479
67530
36793
6891
59386
26172
86971
3206
2759
92411
65172
91070
15298
73010
23315
60900
26443
20094
13526
18394
17167
8760
78849
44862
21641
99743
3974
42751
73116
61640
93998
76591
43471
96576
73345
15114
18520
57849
28370
23287
87582
88791
56757
226
96012
17817
79418
5757
62894
77066
86869
2106
65825
83891
86227
91468
47845
6278
35396
56689
24150
22381
52531
33487
86358
31180
7759
28301
33041
26382
27839
94326
45129
58830
48501
35626
38319
77276
32023
88733
85253
27666
46000
25649
87461
45790
16546
98695
43113
95819
23798
23797
82917
14773
6797
76412
71
22700
26085
51408
9116
40314
36492
47596
81408
22947
24768
43435
57882
23696
42183
73242
37077
49386
86354
100042
68041
26198
98092
79200
11998
45298
96900
28808
70774
53875
28205
9676
33199
53657
12719
70077
32500
17718
32390
54240
61825
39449
75968
59518
83227
25208
98754
73745
7215
6723
11525
94416
6827
89363
30513
18222
63460
40759
31902
48288
49633
7733
73200
12953
62044
78976
57112
6146
9251
95378
49016
69114
25003
17519
84908
78105
43782
69400
61722
16143
57238
55008
78269
86422
42627
95943
94459
62937
56152
87881
20192
20418
61713
99191
92642
63309
32316
98700
88977
21533
85626
92575
55444
83192
76756
5425
21737
99067
36388
36417
33971
74482
61205
97036
72978
62965
61251
9629
68482
66776
16600
80095
11838
80763
41801
17932
26202
9541
8339
95846
73147
52731
65470
61694
91477
30574
40169
55930
72445
42981
50363
19942
44515
10653
3732
34919
93180
47460
81711
4230
46013
44472
60872
41487
34150
39612
26878
46839
55451
26688
91267
9166
78801
3072
21776
61734
96431
14564
99734
36871
33221
14894
23721
83573
91316
55748
99360
71741
73629
86236
70981
76065
41049
78408
70335
45088
66378
52448
92120
6773
87463
75237
28985
44172
97380
91013
81468
62429
68913
46322
64283
28003
61723
27751
71428
68263
44532
99920
1233
41973
8308
63899
19374
3760
81201
66526
8424
14867
91688
69977
38949
62560
55435
37127
63152
46987
55544
15728
60315
98613
76420
29057
1766
83586
82075
77445
41140
65890
8119
21556
3707
76918
66211
80060
56920
37702
53166
42705
13961
57922
72165
4360
80336
36406
4639
1378
84382
16175
51620
53988
93418
10504
40094
83443
41738
33131
23581
88280
39367
24395
37136
6203
76975
78219
10852
8958
48451
18804
30115
1966
98117
30295
62124
96088
75671
64683
27020
71731
82289
13323
80338
74981
95337
72761
20322
78651
36735
1971
43102
25810
29519
19939
50122
97634
77916
79005
85221
81913
80263
33187
70422
13787
86127
30782
49179
35095
21011
30815
24653
25461
55722
39104
57108
31660
7985
88630
43532
81622
84939
18301
95932
37980
23074
16673
95484
2534
88634
99157
62816
48779
2382
11831
87382
89595
60602
44725
76764
50693
35278
84358
34449
93322
71196
52851
88168
79365
58438
62477
32778
86440
25887
90143
99113
2067
84993
28222
31281
33204
1679
91805
18434
77900
24795
26795
72894
92826
53521
35867
7445
95905
6024
33955
31076
86179
81454
56166
39572
29750
48214
17711
71088
56735
92925
37298
82893
5961
83755
13994
4555
89564
7784
6998
17819
10664
19274
81840
3256
7108
95564
14188
802
44588
84428
77946
50571
11557
41581
43592
38237
98462
337
37671
45091
34860
65795
90371
80935
61232
7565
75688
69344
54077
71498
72605
57050
53574
71103
38129
5305
16521
98208
31874
93336
69441
82416
25466
57042
97652
13762
66845
59871
26057
36541
3863
39884
59361
69892
90699
57958
69024
29692
14157
63493
92715
73219
66153
30516
18046
84920
52959
38972
28735
49658
34189
35124
62121
13200
76020
35913
13649
32199
68875
36642
83868
87446
10033
74837
41210
18413
76573
19990
2505
74862
48175
92294
48265
51335
89989
14031
10323
22768
92569
11648
68554
80272
19085
3715
19989
85479
80826
60531
77030
71322
15180
89880
97918
33111
33707
17096
56970
4133
97962
80031
32625
47963
37064
78235
37526
74393
62923
88143
73914
53793
60961
70445
27366
81043
90521
28023
87486
9691
39421
47342
79395
81803
28406
50669
14338
2220
67985
84695
67824
82225
12545
94604
97114
65645
29337
8218
87474
23352
10320
13445
89697
1768
89616
70664
82914
22586
31740
5698
87571
85742
40684
18881
53584
83612
84444
3328
29637
6932
13533
91437
94632
76233
392
96147
63359
82682
93725
79780
14618
83147
14060
72998
34332
84211
6732
42390
58016
14658
44653
65567
57308
44080
15157
84866
51032
27820
91362
58598
80023
27826
28790
99205
78611
1867
41575
31791
76531
75144
93601
64294
35365
1196
76084
73701
92907
57300
89259
46388
12965
66466
71229
8204
16180
26879
64137
2429
24069
51276
89350
41403
60262
71672
81722
12706
5114
17759
51241
23796
91558
52950
77361
22956
58318
68158
41799
6205
68586
3263
95855
35187
75587
93720
47370
22038
65706
35596
97458
4745
44277
11386
20044
87708
11210
32290
61760
2784
86728
85488
98496
92987
64434
65711
3709
68032
80000
12885
31268
6337
16495
79478
32692
95675
21602
29513
70449
86635
62728
100063
36774
71457
12125
711
8559
76876
70278
87137
24597
50771
48802
61026
60693
89723
45455
39228
99033
98679
66151
72683
51361
6455
59204
51667
72857
51477
53440
77356
1486
78406
34895
25069
66351
41447
93611
99364
96933
78307
68963
17294
42595
1773
37459
51973
57831
57248
63926
5172
47904
5007
83589
23988
16926
71058
63764
78734
25740
20981
70818
84059
8716
98028
44396
77208
36135
14026
65001
16714
70672
76672
43176
18827
3098
91715
26578
31735
17776
59715
29925
50117
3582
6104
98803
87506
99357
48179
77655
14706
36813
15678
12955
51265
33584
47020
41773
8766
90936
8344
11120
726
98568
38264
34496
25112
93919
5042
28813
12826
65688
38786
47481
1070
49606
31753
22446
68023
99880
90921
44527
32734
79713
76559
72098
32754
83200
20524
90185
61018
84407
87870
29302
98536
65609
18112
35670
4385
4198
87123
62332
70503
61629
74550
17184
2578
91517
90659
10888
39934
17396
65430
79534
90622
29166
75777
96659
39105
37909
77594
4952
79136
38855
5682
58134
67693
23384
25308
5445
33316
61160
98497
33060
10962
32437
81197
31962
43981
7232
14539
62546
71162
82452
97351
27716
90453
41260
39841
5750
83456
82968
20363
92324
67691
52522
10592
33184
32037
8746
93061
97010
74230
80255
34077
50595
42387
60466
75061
38132
68779
46233
91712
66911
90383
62577
69652
66417
71730
32736
17027
61456
14532
2333
63033
85891
85333
62829
35977
3906
78754
65420
25622
91381
85195
79440
40508
97568
55201
43729
15861
4906
32807
41047
52588
13666
37040
69780
32939
38429
24819
1898
61533
24207
40091
2311
55009
33418
14871
85204
31165
23424
59933
34030
54526
7972
32341
63623
64151
91205
90235
29583
95607
37853
26987
36576
97542
31350
96405
77961
89818
96952
7699
89515
23571
6028
35735
50966
65781
9612
23430
78684
72215
63556
92063
30197
68222
11935
71128
68716
4925
76871
23364
88769
83787
88757
24066
80882
65703
51813
71104
37042
5940
77495
22003
22480
94257
28853
87050
14851
76697
64913
12560
90687
88838
49194
83017
30666
86898
24777
63329
3489
69183
38853
44977
41179
10837
75865
53055
46226
14734
46472
34643
54881
84921
76150
87492
12606
35467
61384
12737
21144
79805
504
51778
808
80271
11583
30899
57610
89689
71670
12464
84559
88856
10213
75199
10514
25553
62958
59927
90067
68860
58155
82409
71840
78215
61589
79934
57995
68966
28083
66184
30665
88241
61108
23433
15332
78773
20064
81137
42023
27802
65933
9801
65815
44385
12947
43437
44133
34770
50
22818
37715
59013
836
20702
91004
54760
21904
49573
5292
8625
50492
77723
94396
31803
79861
16536
86261
81502
22520
20397
10895
30269
64617
60314
44097
49094
52510
77034
39839
84506
36537
41334
36278
59171
27466
53646
40187
46387
97024
92924
29814
1550
28587
76360
44832
6070
52205
81755
90624
54241
33834
24831
44897
22966
36631
17743
46913
4833
33008
57064
46566
76164
97612
49368
99260
95566
33267
35143
83468
90688
48697
56262
99777
6042
11666
5817
34562
83886
66783
68581
69080
65019
12224
84167
67777
94636
75872
58287
55643
36180
75972
47981
84426
16245
30322
99649
7386
66727
4963
47365
39299
5760
49597
81701
95802
32931
57069
69234
61106
16036
34401
72677
33731
56806
3907
10224
34448
40367
4739
72477
80566
77714
15544
33453
81193
93287
61240
67224
31862
82705
16357
65212
74464
28601
118
95972
88050
89228
13881
7095
60738
73374
39608
56851
82659
81289
80264
84404
92624
29868
45929
58313
74007
75405
89968
75793
83818
97954
61003
94324
89594
15975
19784
62628
60337
46400
8910
63351
69731
80467
13430
92131
11577
24681
60009
21537
19417
27169
87921
52598
16635
55685
22622
83838
40543
56611
59099
9094
80395
25727
60280
89154
50290
10292
57595
55747
40486
37748
56109
85369
88451
9397
17524
75641
65166
99564
23043
14537
86262
43661
83234
84587
16208
59739
74564
67771
89059
2228
44103
28349
79518
32673
71051
56555
92359
63406
90473
99057
47863
89092
92196
2513
38856
65738
11555
59931
73888
27408
34486
34481
29985
92719
96485
97226
95665
30733
53383
52997
24450
24838
86
25508
81040
477
3335
65714
48911
81837
89111
84647
57462
73576
19264
73957
68534
60468
23919
71865
1178
2711
58798
74848
53869
72607
4690
18259
58474
86154
39230
38957
94004
92936
35857
72750
48025
74877
12653
10367
69055
1283
15195
32328
34622
89150
59886
85788
85535
61655
10374
98408
28585
52603
66866
7087
39903
29768
47281
81821
43016
4134
87126
66887
31540
12751
64881
32055
22770
76997
45656
84677
35262
36918
14452
75933
58627
70581
58676
45868
14022
64470
2995
24740
25064
87721
21496
61860
24925
37010
32624
46235
15210
48940
64096
87984
36868
30098
59262
37753
34988
7734
574
58467
47933
16997
51903
92184
625
98819
42444
26320
55923
45548
9650
59926
40525
11399
71953
28363
18832
23801
9876
98454
49580
95290
58944
98544
57027
37430
94045
21061
100048
16913
67041
79830
49523
23677
88118
88866
91668
141
61513
9752
27158
51731
6915
17013
63514
29998
76796
73298
181
7853
17845
97367
77251
25411
96882
43243
96518
65426
67097
23660
87352
80463
68904
96031
25985
13663
16577
53692
86811
78628
36488
22451
19167
78335
68156
31821
17818
71564
59127
17666
21630
21592
43921
36433
10685
88265
14235
80788
36224
69113
10184
61273
89330
31481
21930
37751
97239
49959
83483
42071
77707
19874
19103
4506
35148
18530
30963
29794
99913
76818
18576
95116
95305
25076
53533
29894
40756
80787
80892
55420
42447
8878
23426
6244
55666
82725
97944
22889
60925
96130
97650
28262
31543
36087
60064
35775
44530
34982
75415
27753
9459
83300
61889
81255
42894
50710
87826
70618
21274
9470
82312
51509
66166
21474
90226
10963
78078
30530
86941
28385
9034
74950
80177
88860
49019
96124
91312
45732
99544
81990
17836
976
35106
10337
90916
30257
89175
16567
60120
89357
72533
89649
56474
50581
65797
51077
10524
23450
8984
25542
50063
39339
5838
32959
10099
53497
82598
90801
54323
76641
86477
13739
85844
40850
84292
50437
18229
16452
44711
45319
78175
76669
30630
55071
36215
45508
22310
13082
42384
20935
3191
62432
92447
77280
14061
67717
14339
96860
54112
44961
60343
90166
17742
47033
97946
33845
79356
33357
95344
11217
97403
43492
38214
28602
27234
10773
2481
64828
17443
47642
40092
61382
5648
73275
2486
32356
50629
3110
43356
74316
86414
5607
55788
8027
10189
8224
23393
87897
34791
48842
9483
72764
36738
20740
65626
710
35165
82365
95613
20216
98983
72180
84290
6851
98863
75163
22391
16524
21455
55466
73620
10532
23739
23887
272
2549
72375
60579
99512
81384
99235
72520
5294
87919
76577
94888
23336
71272
93441
79648
68992
95694
21700
79818
4222
44540
97799
74644
41885
24663
25165
14947
42534
61268
23403
74091
86575
36392
76668
67987
57615
75194
82155
37633
35028
75445
7414
28905
67547
83040
70755
48826
784
47403
82151
95524
15886
96394
999
48640
98672
17663
58218
17529
52022
90714
80875
14374
66971
14859
60902
65579
50792
13331
22474
56001
93972
18823
1765
75191
33723
12720
72545
36190
91321
81266
25314
27963
44422
9524
79704
6526
46586
74383
39302
71562
15489
36973
53543
64258
26934
66075
62137
57727
98105
2078
7384
91463
33831
26885
84929
73076
61129
98901
97334
5232
3936
53362
25149
23911
62957
81852
18537
23154
26765
68625
49509
57659
41159
38362
22380
26786
49914
61718
96998
62191
88849
65386
3612
98952
77469
22393
87245
29603
93181
63006
7057
19511
14739
33912
31412
950
11002
61349
86740
17325
15953
8567
12477
9573
22862
76323
28936
19761
28341
40397
50470
53980
45367
53287
54239
4784
22427
17263
59449
67727
92564
11742
68847
4011
79798
46647
88804
6751
13949
84395
27911
16933
30695
52501
71485
18721
34242
28452
67123
26389
86997
23547
13543
14948
37585
33222
96276
46764
88590
29827
17646
60332
6481
73802
48601
55779
63385
9198
40670
50076
36452
3807
34920
84099
47634
48259
5965
16568
7562
42324
29916
51628
15385
64351
10898
45365
85208
4494
93289
12242
80123
63571
31123
17287
16743
35469
39599
85328
93155
53592
11003
50891
54329
1551
35953
30945
95908
33838
7106
79371
74616
30168
46747
5306
9281
57618
92168
15604
15972
60766
66016
36625
68071
42541
68926
66259
77888
44359
72260
98565
14270
77247
67130
17141
251
80930
30659
90654
63669
47433
10434
40142
14106
41346
69698
69225
89136
90653
90000
7715
16404
13140
28031
47301
79507
45039
73987
91031
58094
79000
54232
66710
35178
45695
27471
98453
5535
75830
43927
94466
63007
45308
10813
75647
45545
11299
50526
84377
44904
82854
93988
31582
55529
7625
91972
11846
82706
20536
95031
78632
56515
46795
93339
64105
46878
28567
59789
91592
38574
11523
25007
36136
57914
4141
49805
66670
88592
90462
72079
89450
82969
5287
60228
6071
63159
75072
7078
59683
7854
5453
58602
28042
18406
92803
30266
12417
23752
23940
82815
71482
30642
84038
99698
25160
56955
30657
6273
82539
84833
91999
66149
12832
69028
2144
65265
94015
51039
32915
97292
82579
7602
84203
37461
90681
96346
73842
57059
16290
14769
75141
14337
11020
10689
68555
82101
96585
36368
89482
70480
37721
42614
43198
25514
20043
59702
90392
30347
41061
17235
71222
92250
17844
34287
48870
38244
13379
20354
54712
46099
52897
29473
68123
32203
99501
81389
28806
37725
16363
29147
44696
27077
30503
34858
4382
96814
28603
4167
93465
86249
8130
56355
70949
74152
47907
15088
59437
74210
74748
86074
37211
60633
9213
82239
58987
29161
87019
70455
78984
4553
96426
19577
6643
21636
3048
27878
47410
354
38287
33458
17835
63540
38340
61572
28254
27106
34907
79598
99827
15777
61487
3266
98663
12559
33622
97919
95497
26609
50047
24022
29667
25722
15124
62575
86387
13384
58765
58614
46464
45800
4361
10661
7246
69876
16214
73336
56191
18853
49156
30089
8527
2628
53066
82514
79115
88061
81848
26009
73082
89798
5259
87099
68110
98074
807
99738
83622
42677
4485
65118
79385
70557
92115
18843
27691
42759
96252
96762
87953
65025
71146
95676
57691
68951
96225
64274
54122
80582
77378
45355
86933
52740
66071
46738
1340
95642
71050
54614
10423
75673
87462
63780
41590
33890
65448
43724
83509
91231
35931
8401
57440
55145
82748
22832
37516
54914
74630
12645
31982
75288
49960
21272
54215
99458
42241
97400
57061
38571
94190
55113
58201
61437
62656
69673
61941
92481
77829
33576
10924
83972
53458
20969
50697
78095
18128
85216
84916
17277
96136
97646
90174
68389
24099
93642
24982
81432
71081
86050
80457
89721
49323
5122
7607
20853
62427
95402
20522
54525
50069
58414
25794
30154
91251
30980
1045
65943
52181
54143
87328
7775
81023
17101
56155
93968
55376
93786
97443
43031
60806
59135
92520
26
65465
17508
93325
10891
47118
56720
78056
69795
8886
59980
21678
21551
53745
27074
13858
349
99240
35119
13710
74895
19776
56912
44614
76228
85543
18895
65930
87502
86020
41554
33216
42818
76837
60452
17840
40107
11025
10789
6940
9365
21978
31408
16487
10868
44921
46272
71300
21567
78338
21975
62139
92487
40220
77765
69051
82306
34552
17122
88237
33062
64770
37026
74962
3848
91826
57507
42765
41191
20080
27815
25775
7534
27974
65275
19883
49270
97873
73787
65925
66782
22824
71032
95717
53475
10302
88006
45802
29026
73256
73229
85787
84107
97222
14910
86035
17118
74829
50570
82886
61526
80391
74936
68622
92020
49726
783
31872
34803
36996
50365
13091
36102
73104
44353
52624
66207
59273
41852
90268
86522
73856
19829
23425
69443
3952
76210
7071
55114
9134
48152
91914
31530
77689
53619
88829
74496
40700
3425
61596
97423
30736
39938
72424
66057
99741
60356
78578
49663
9667
12397
85533
37264
8495
64942
69302
42184
17989
78740
30682
75858
17077
63441
33510
19403
59880
64206
50253
30996
46131
13508
8665
51544
67021
71612
18491
36875
48797
15355
67600
98253
30478
77856
1415
31932
10581
27125
28861
47184
39694
94441
4889
20896
54079
94355
86147
29233
84019
19876
88260
79950
92510
9085
86565
87544
926
9142
16581
80817
65380
42401
5076
85136
22261
26582
21
34334
95048
5849
92289
9545
6534
81635
1266
53579
30920
27476
81545
1844
12209
66230
80688
9103
31125
96356
80357
9534
26350
46635
29029
36351
56553
84113
81300
29997
93671
39341
46560
49867
777
31665
59461
75785
63848
39027
39347
24302
93530
17493
84148
3105
7005
55198
35149
82373
60529
68748
83274
94935
31008
35589
60773
65422
19185
9002
693
92422
47792
83318
64459
74724
35502
84497
39445
82201
47208
75582
9151
15818
63074
59779
100004
57710
17786
97106
73658
56573
97208
95283
52369
70945
42582
67182
52561
21750
4493
10060
80216
15795
66410
12178
79628
40965
79003
78061
99663
48669
63814
87046
90884
39807
88298
50709
74843
66920
38528
99368
79244
7935
48482
14489
32518
32283
45523
16258
26738
60825
93122
4883
68566
91108
96108
10318
42356
8019
3509
71999
14491
81666
34048
58371
72883
57167
74130
13335
77086
36704
42379
14301
74166
87976
95149
67148
360
43858
48328
40637
19935
48354
98058
55766
45008
65690
57913
93214
7925
22585
62872
2510
42911
69172
55494
80308
37842
36972
16773
34610
56504
45887
80231
59496
66571
80713
83280
100030
68266
58195
81578
58648
3749
32531
42222
37774
98447
56491
57740
19271
80270
305
31099
41851
95020
59122
35783
34119
42559
72239
37342
53956
40704
58758
590
62947
96653
99718
11153
25760
57177
19380
94582
82722
23069
51142
38975
54439
72200
94185
67084
75990
80967
14793
81760
1635
56333
4153
44494
51980
7765
68896
51887
17140
60927
56548
21662
94341
56431
27847
62762
86942
50169
11115
53044
28795
90487
98262
96605
1385
43255
12351
27221
68499
45081
68614
9060
50652
33346
33810
6693
65932
24029
50230
27853
98562
30051
43568
63408
26724
12003
33642
21473
41025
19678
59400
15814
96391
24750
19301
18173
32559
64059
74717
9500
36689
82296
71332
52806
91007
85604
5862
86083
27181
36089
10375
64859
51494
46305
90948
33872
2575
4461
50357
21558
30760
2274
39530
42247
18210
93160
87079
29753
34664
67830
6840
26702
23904
31189
82501
80987
76305
12198
21619
93858
49723
4401
1944
39718
94344
67284
50971
21324
32787
85091
46594
34537
54452
66117
89851
73157
12143
99256
49751
91014
31521
14256
41433
13293
82889
87130
83906
14558
1027
82427
50881
91640
16848
13730
50535
57569
52922
36624
72920
63880
86399
42460
39772
57736
95945
82568
13829
69804
74223
80804
58745
91645
79464
51264
78229
73996
37946
2487
25852
20717
82709
6991
11950
22463
15690
30396
27816
48074
73694
28640
69865
79316
21200
10053
75420
92331
49753
75960
81292
61908
38071
65566
99244
34224
49219
84745
25692
35521
32136
71827
94353
85490
80516
42900
68960
13483
78899
45698
78016
75966
40388
30200
7666
63871
77092
56857
84592
51520
2973
98503
96298
45577
64277
69677
48648
14667
17390
78391
52479
2605
98655
50199
60623
10024
4898
8318
63765
13417
42641
39823
87803
68600
53124
42486
76109
70586
73052
81493
38767
60051
45607
3401
3896
46622
40342
38549
85459
28715
96832
87963
65649
82169
32009
43387
71445
3346
84091
97913
84263
70192
94540
97541
22523
92586
47251
68155
5841
43721
90651
53224
6004
30171
92203
98746
36134
52195
15986
22888
77768
91750
23404
25174
60499
6003
94452
21320
19786
78731
69297
84617
11814
34800
56990
73843
84185
42075
15985
27741
12903
14030
28166
6627
45251
11436
42033
9117
65046
89776
17849
24073
40801
7619
69026
54497
30705
96684
46803
91761
60852
36418
6133
45476
28634
20974
87403
40808
37325
44005
34573
70279
94826
12401
15098
99253
12791
20603
24413
45791
86939
28029
85342
63574
22252
50724
36682
99661
94662
48738
47620
45561
52004
49123
42861
10684
51219
46701
81787
26036
77959
56148
37818
1663
4486
21839
50877
55959
6707
52780
89614
69820
29440
30476
48793
80766
16560
6715
72197
31222
90698
96107
58909
93537
93626
9003
6237
75724
44773
25075
75849
41717
23398
89027
64772
99503
94599
49725
91286
87807
83218
39702
66460
87855
24042
46727
73355
71490
83302
26106
78719
19752
77754
92088
72792
63977
11421
92685
40136
62458
51445
8343
19312
35972
37892
10442
43095
84002
78571
2559
54544
14925
59754
9457
77183
89848
3956
40180
81770
45874
78069
86745
49419
11542
69156
5730
95414
89759
2565
99664
9416
59145
28399
30647
55456
26941
89612
37658
71549
17974
81412
30701
80470
49728
86372
92461
59399
4031
56055
49418
26185
85517
82405
42037
76922
72936
35968
54767
59839
33735
78768
8854
58733
572
93433
95347
88289
35864
76674
86741
68911
23121
17704
75549
58270
40800
82950
34649
87989
68973
60391
10886
52192
55543
86233
35233
95243
76342
53757
31548
59189
64651
86829
47827
85308
75754
24378
53462
48268
15338
54920
5120
387
97304
62737
10941
18108
46229
68172
49039
36427
13387
19604
83322
68291
90033
50550
42558
51192
1473
75635
87149
34706
8357
97595
90517
7211
24935
82247
98365
92917
4275
24411
42227
80622
80607
28988
49779
52870
67482
20132
36597
71823
15803
80212
20355
28856
51619
71247
68661
81093
22090
78179
41277
78185
34838
13520
15147
7483
68255
96709
38392
29070
75051
48392
48726
49868
77749
80456
96320
24295
4075
3528
59909
76209
32318
54020
49166
78407
86013
72147
5013
75142
27979
74249
35294
12266
75902
84160
22158
62970
92316
93729
53032
53922
14354
71364
62687
96241
61342
32743
15552
55329
84598
15144
2815
74188
79179
78983
18274
96810
49377
44013
33893
13267
99454
31864
55644
96247
84205
98934
69615
64433
77224
4524
49106
81059
13842
30106
70863
60662
5628
48300
37434
37986
16037
87168
43647
81034
35080
39215
94748
78517
15630
25628
73958
67114
1650
48545
63415
86863
21109
34395
26434
33350
3294
42909
45801
43801
28312
69638
41917
61697
24187
9481
81604
45639
2733
21208
70438
85213
59558
35416
83636
31450
22721
98590
24173
86310
35916
67843
80197
34452
38152
87006
83526
25520
65980
88924
83020
12016
92738
90228
44770
39682
54521
57716
39885
30898
66690
69665
18331
2141
91507
68560
1201
18784
74538
97261
3427
62619
52138
4489
37280
71119
10642
80108
78041
13496
30414
94769
11465
37074
83246
46725
98778
53858
26380
84198
34461
16210
7418
70358
88479
92861
95514
42853
34378
11393
55973
81826
82078
62807
71937
7462
18801
82126
94066
15948
19930
4768
18553
11850
92254
9326
56631
17883
35743
97529
79629
17404
2403
88794
83982
62697
44717
68099
82868
84187
61845
35016
23658
30286
54675
39577
62194
87131
5775
15069
35849
85864
27686
33997
31100
65598
84114
80989
56747
70158
41860
715
30889
51820
35739
30251
64045
86263
72437
93179
31108
2155
97521
41998
25579
45739
29820
92277
37147
28322
74944
42566
29363
97626
7745
66531
62667
80507
86059
77885
64472
15441
96428
96353
97072
28116
96777
88945
73487
81569
48660
54966
76546
27737
96838
63672
31351
26459
35581
52683
62343
49741
47130
69053
37134
46240
15746
15763
67173
80834
49034
13750
58069
21112
73418
5754
57086
99299
35444
43015
38809
89690
67722
39746
59635
16469
36792
69845
81433
62486
75423
80332
94357
51882
23851
78887
46377
81480
23211
88119
14439
89833
10214
16950
7898
6291
12912
23723
19193
19867
19759
14979
37616
15084
22382
87979
71609
67443
81911
61296
42052
48937
70906
81281
53746
87819
24885
81879
97305
55418
96327
82057
22567
5627
41649
25584
32801
44863
94775
67761
40792
79525
18471
45392
486
60042
43185
64508
46079
2331
48185
5205
48730
44691
72945
82077
19160
69525
49797
69985
65129
46217
10715
14589
30988
73625
77482
55863
87654
76465
79213
69971
42989
72376
71779
35316
42426
91571
1713
26828
34027
26527
47000
25197
61663
79849
23591
54220
37519
43164
46492
85554
78127
18502
51967
88472
92170
56615
71746
59670
14543
44408
79873
25354
38973
29705
8093
75134
87616
82449
58970
17097
56695
30802
35772
44382
83874
77137
52025
25916
62770
42421
36443
84215
41121
78036
29690
63581
77860
25879
52836
55689
30747
5536
8251
58921
96476
92363
51200
57510
98015
97453
38981
12207
51929
29384
19529
60706
64288
58497
81895
41296
9
74712
37000
48415
75220
38661
62467
36729
52967
98215
92245
44852
92043
61729
57044
88250
20759
42148
20642
61956
85883
61907
64329
98424
16231
14155
61317
68470
42659
7474
58101
69934
44721
45343
70950
49802
46070
34940
80324
32983
42309
9605
95982
7739
4083
91638
88470
43131
18106
27583
49015
28524
52144
5969
56833
37150
92013
54411
41192
37050
39258
76244
78541
33578
40487
76214
18919
16215
81557
5201
53830
19988
29398
11780
68508
59384
41022
88855
26568
27755
84572
61352
99470
78945
58947
85979
11745
53552
86226
21343
62428
8100
3207
91849
57149
22509
71273
55749
82916
48002
37380
66626
97309
12450
17502
57302
65369
64795
75161
78096
61324
47539
63598
5467
49635
11685
8862
26444
58760
45026
26287
32335
89368
69219
49907
84749
56439
84123
78658
74711
47341
83310
92001
74012
52590
18856
72849
84165
15368
59272
3663
60296
96358
67723
82470
33070
17566
50948
81765
17775
830
32652
37476
35325
78034
26615
34422
8473
53334
22042
43807
64036
36431
83785
46263
38438
35841
33178
5017
57805
76510
85090
83857
9379
30193
7762
45495
79688
53102
8108
53765
21088
20928
27265
8230
89312
59143
24633
54348
89423
92015
37125
46641
31385
32432
76866
94470
91566
87237
51308
17993
21251
15881
57226
53953
45896
30676
56468
82234
23651
16295
76202
94013
23489
37517
58672
90779
12384
43444
66773
72994
2082
20401
99122
59925
25203
13352
43128
88031
43556
22899
76752
20551
56840
97328
37019
57457
8903
24848
46227
21060
85401
20529
7588
10094
92842
13011
22662
57750
48434
95076
29306
527
3855
32596
96190
37736
69560
91181
87042
32841
61523
49197
21690
62485
54018
82576
58461
90183
44139
3146
59553
42405
2025
68282
33769
30926
8564
26918
78244
61286
58756
52998
46598
67523
38321
19162
57461
54150
19667
28618
62115
54246
24783
21371
77770
20236
80519
75921
88336
77997
75640
49322
76409
82784
20613
29901
57679
941
53279
61564
43349
88785
12015
23697
56992
29208
81972
58463
23850
3004
49645
51452
10426
83896
94892
28177
2827
8124
92091
91188
6015
33300
29834
17359
90489
14043
71492
40245
50186
96085
30962
13309
84127
16004
84197
86212
94487
86483
699
45399
24774
39918
20829
27888
90730
45912
80770
1815
69659
58271
39936
11109
13353
29484
55209
37177
68933
55510
33127
52051
57240
33273
47330
32642
52158
70889
3453
23973
12072
48493
27196
7500
168
83735
41404
39592
51545
13807
77297
3354
52107
56777
17014
35637
20016
9219
15576
59092
61520
96698
34329
60247
33811
35902
28481
60509
12809
74707
131
25593
48447
29662
64697
31273
30790
84718
73066
79513
96216
56388
9099
44537
73719
1943
13697
80527
5475
2326
41803
41342
59110
39480
867
56452
44367
59356
23652
28683
84789
10032
83729
1261
11267
87936
73569
89555
90532
3430
19843
59021
37625
88694
97936
40305
54196
93679
44297
88854
5497
20878
561
69890
60524
6449
81499
59559
68655
12794
81785
65968
70076
33192
89844
78822
50621
20664
45467
58692
39047
52772
98228
59447
97832
80243
24127
31487
39616
61675
35585
73255
99371
4908
22829
28367
25020
74497
45609
57591
71152
82278
97632
81276
97299
65558
64421
93249
21077
29357
81298
35227
25042
61037
28849
88070
47313
43499
90919
31904
83955
79480
16484
91730
39397
58958
37215
67543
14755
98791
70114
17428
73794
59556
30377
72080
76347
53456
81762
89918
65358
13615
53898
60141
97767
93488
95157
31270
51608
12416
1996
67037
33530
50931
12433
67640
20910
96046
74772
42893
76911
38838
72982
85399
41242
2787
52782
59610
91991
35151
94281
35366
20036
61790
27200
98966
53268
99386
31362
34696
35329
91643
30232
16266
95175
45498
50378
39359
25084
46531
29936
66442
49706
65875
11610
34270
58683
2176
97732
17604
56102
2824
99032
94908
19560
69056
13120
59277
70049
42254
54500
8467
18341
53504
788
36380
33849
97620
98126
85449
79042
2758
11766
24419
99819
93992
23659
4022
48320
24583
32779
95649
52176
44968
19797
72311
86027
93406
67111
45927
74625
29510
136
31928
45307
66984
12426
91764
93744
57274
97797
97742
79977
62439
41572
17545
57953
64200
44600
42953
66759
42961
69678
19991
3199
71164
84525
24812
99994
58505
26304
76799
26564
76760
46025
15108
7903
83842
75452
89613
93791
56479
38597
29395
28461
44993
91921
20923
89267
56764
54074
46071
61778
68427
22360
19915
36476
8740
45085
5289
61008
53107
51131
20821
68599
63095
68077
82862
18681
37291
30122
44296
86787
37410
74608
80498
94227
3587
59783
38099
63189
24271
51789
73863
11635
68281
80614
38551
19373
60276
13348
41733
15254
10338
17541
13678
37935
52314
11281
43482
12234
55534
81410
61078
47269
76126
86242
33662
75580
72693
94726
53027
25975
18611
59080
56093
23129
17649
84654
36961
5286
43200
39039
3797
67720
26026
50340
21514
92904
93928
68192
84529
32364
88611
49593
76856
47751
63495
10529
64235
39108
31291
25660
85740
54142
34259
78013
74786
26784
12685
55950
81425
30060
11704
42325
53281
17506
56465
52115
77678
59844
13153
98795
11433
18381
5096
84294
34781
42492
83083
6067
37475
38161
75328
20331
36675
13434
51076
61202
87052
74928
89638
10067
49646
1188
12219
57621
82254
121
33967
69996
58728
11851
35742
24952
34308
24810
69702
19766
93154
14024
50546
9998
92071
26524
49641
66877
8645
30849
59995
49513
97807
61196
62847
8652
15092
49505
34906
87229
52190
24236
3205
86308
30510
85306
67509
37690
83983
14115
20925
1276
60964
40491
34714
92180
71773
78339
30206
50488
11302
62904
12977
15029
77579
14744
61576
86306
7188
75082
41723
61075
87140
45323
61315
46370
7598
93338
13092
47883
48536
59130
16697
36226
18931
73396
51856
17906
73879
41173
23188
44536
58713
86258
73400
70024
16748
72130
84049
50779
45978
12741
12246
87326
66976
64077
7595
7169
60576
66992
19532
7090
38394
21711
26457
97713
19916
39637
47466
57428
60650
11517
27939
46640
2649
38584
66289
29670
49452
61962
11938
6869
12937
68092
82578
48437
40159
64220
32651
73436
50323
89610
98654
36911
45996
73438
98907
41532
49233
1377
97189
16869
72626
36052
91252
239
62450
54324
67618
22498
84994
80012
9911
549
21120
85550
22409
78998
98978
76875
92470
98551
44039
75107
72695
76943
53164
94092
55673
77096
4829
50427
88637
93861
9642
28241
86895
74747
49086
47652
41439
69064
11882
90571
67660
19316
84323
9404
51527
84535
82258
45872
30097
72753
24057
7299
74853
29342
56973
59078
89068
1437
98159
80382
28045
97489
62795
10296
800
55109
43001
40368
13547
60379
46587
13986
31310
60830
47508
8561
68829
61692
39006
67439
23766
74415
93509
72898
85610
9654
68676
51130
58720
22993
69630
61027
92434
99031
50679
68288
38139
75834
65018
67603
60307
38793
38956
50682
4302
46761
84075
71102
64453
14959
62353
7673
34863
84201
44202
97301
94950
87325
50367
14861
16674
85806
61316
76278
93938
92730
74396
34679
72615
70524
797
23932
55262
72247
92494
68329
69350
15264
67701
94002
41561
91910
56804
97412
67906
26664
36695
44623
51000
58887
72654
72377
59395
85422
55254
12448
17710
61716
49381
64497
50839
51120
9480
91523
34349
23304
73084
70541
65733
53151
47154
332
81753
48516
22091
47023
99475
88501
98335
45782
15925
46632
11360
49022
19464
72446
83553
93560
71990
37591
44631
45382
26652
49067
31781
70443
84296
47488
60269
75751
8627
6901
69175
81082
99836
88565
97706
32647
18759
60920
69485
57317
54960
9361
27638
16022
87841
30038
26536
89008
49750
84348
18412
59545
52665
78952
75136
70108
93627
85518
1774
55704
10881
69639
85403
60695
95993
43386
267
53320
17442
35846
44324
31391
36899
82494
42680
89055
79403
73979
46042
18076
10752
94933
89599
30622
1468
97227
23248
61702
62508
47870
67581
25884
47202
99998
24540
21164
24770
14904
68265
79417
6713
14791
99452
15776
98177
24635
29551
24598
92113
88028
40024
5903
83336
75307
53410
68475
58227
97221
25559
38150
4831
6677
13719
78193
54542
35722
90635
46639
12944
53116
61092
16730
18574
24620
65479
55630
16787
87682
22084
32640
22831
3908
51626
69792
68058
28094
94483
1032
71854
89753
7763
63870
76471
67105
32344
40355
57336
80879
17517
32044
75337
19173
904
24497
69155
25361
73568
98774
78586
72619
34132
82485
39101
32797
38031
78642
2839
