93944
52058
6916
60543
64541
49123
56763
17948
79271
5209
91681
16400
35451
2234
48482
88367
58411
96867
80565
61922
74048
41451
1518
26580
13157
35446
31217
70594
35867
4677
66852
35193
78643
65407
87939
29114
50910
91256
73157
57322
94221
22733
42781
31091
17386
72793
7392
31011
88064
71613
89960
70587
57053
23787
77765
42020
28709
90619
27209
11238
84255
45749
71518
15759
98707
50998
4014
48559
59430
34523
60629
71612
11589
42045
79371
57149
88411
82354
85909
2357
31589
21133
64832
28242
75193
93028
13504
82548
27525
37445
7131
39374
66724
12729
39907
96529
43385
3346
4773
85832
1149
16335
43204
52056
25830
20128
8454
7655
52661
50504
34130
88923
83526
57818
59929
58212
91784
53969
88793
81465
23824
95570
56561
91500
58765
13534
38380
63629
41655
45858
27274
57035
77644
79991
23653
98506
95186
52626
80201
78978
81024
29627
29008
27429
48914
14341
78446
45496
54910
65000
439
24399
15601
63590
84245
36461
12935
27683
14226
8956
55171
93184
79864
38905
46489
60248
5604
12559
95589
69168
61615
80712
51808
63757
56518
22233
82800
35784
79343
55310
7921
37605
72543
40081
57264
50792
85663
60015
47280
29080
85855
26506
16021
53547
5883
83896
90043
90440
55253
5505
68317
25423
67872
77895
75583
84931
43999
21226
77116
79151
19888
94805
47230
85908
20475
12732
40835
83160
37762
98188
28021
12071
53388
53163
23388
11006
6777
854
47495
39360
16387
36858
58111
44457
95104
94756
36966
90862
45895
15973
20944
54609
54267
19999
61582
29751
62797
58560
51041
85364
28593
52030
25911
69238
39490
5702
86399
18550
65964
51598
75791
77822
18876
71614
89426
91127
2209
77239
45710
43729
98331
2572
37746
27846
10693
96759
19250
63164
86849
78095
42618
88996
29721
59748
15151
15212
13749
64271
98278
38313
41195
68664
38763
77296
67042
65943
58271
17929
61321
61682
22034
66866
20600
72905
42070
83340
9013
22668
38173
10990
3590
77380
73275
89361
51132
18243
31321
74339
78781
53515
85191
71762
93234
51893
83181
30838
61240
16764
67477
43608
37321
80489
9773
94302
19552
34284
15616
3552
38217
79889
79363
86191
1467
87656
20424
95277
46519
69145
21018
30672
13665
388
41179
95505
91559
54394
76883
18739
84174
27563
16662
10376
79944
54476
7853
38613
77743
65989
29241
79831
57195
57784
60935
74103
14281
37992
60441
95360
37078
68579
10443
49487
20305
60966
84976
84259
61040
80229
43158
94072
79866
87165
23267
5020
4943
32835
8998
25596
47376
58981
69664
2430
24702
20504
93273
55056
52007
94779
23695
87758
42452
57279
58639
66224
84265
6078
4654
18062
77846
75465
38215
20539
29508
7751
73529
20704
38935
70264
74033
72392
78668
73778
52010
9935
99381
45805
57234
20371
30286
55067
3498
5536
57993
92304
56641
7469
85883
61134
49041
5364
96062
58088
92005
97657
37809
19216
6280
43772
74593
50749
59021
28816
63739
17267
99063
54471
17745
13506
22539
7973
65564
63464
93254
2787
28208
65428
48659
3751
16028
73814
54898
13406
39806
75380
61443
31376
36026
42016
13202
40611
6679
16427
51071
43518
81182
37299
92678
62379
38578
95474
59868
54253
12423
8732
46598
28034
25422
73635
51430
76631
23240
53768
20584
90158
33468
77345
88621
75549
53091
13705
33030
96264
8461
64360
77442
2464
10356
66184
5530
99486
56204
30973
83251
99751
33799
28984
46220
34538
91908
48149
38708
19556
51745
95453
42441
70869
85741
2435
2200
38218
95203
1692
49942
27935
86177
39329
25930
60080
87955
52261
53851
36576
62347
36613
8105
51947
61957
30678
57214
8648
74197
89407
94456
95826
82332
1255
18389
17860
23744
57860
20058
19008
61508
11889
15016
13645
40699
94619
60056
33566
3097
4810
35479
57783
82990
88657
46102
5972
80073
52923
74247
14397
63755
65594
53606
64218
94440
67160
15770
55097
45827
86821
93279
15245
41913
95381
69046
98284
74188
38011
27654
26641
78750
75977
24412
50732
57617
5861
63675
19930
18805
96711
2668
64413
19851
51553
35891
80215
10851
90635
39989
8505
99694
23262
75422
84726
5770
58677
84563
30836
65201
54098
62965
44368
29822
1037
69393
72887
47246
84543
62514
37484
53887
80265
45109
54070
72463
31480
86176
19869
38274
2899
11502
43500
72191
49796
72020
5848
41544
70688
95829
46157
32614
52361
48010
78170
24941
15991
56981
88486
36088
18184
17597
5000
18747
88704
44515
42372
20336
71709
63158
87635
31117
39051
17321
8366
72791
46298
26803
43269
97533
82237
15263
44920
88401
35717
41148
84982
27512
77122
52121
59393
86891
80106
73681
2206
51750
77545
64699
3687
16202
61261
37478
58826
58880
52885
14822
39654
48381
77556
79023
94050
12759
52286
26378
23207
89728
95991
78789
69225
89646
83202
81060
59584
33965
88964
17330
57742
89958
71442
18814
50286
94879
32918
58402
51948
65827
291
25998
53834
10860
88067
52294
10016
78843
94132
62250
59415
42693
95559
57805
27741
74531
41131
44512
78305
43926
86605
69476
51609
75131
15005
69809
50335
92015
64003
82410
98741
19061
26995
5324
74163
49934
73880
78641
9269
70621
97327
40793
57831
43389
83056
40749
13951
59381
52871
19841
7120
40452
35179
98729
54980
63894
54686
61930
74140
71202
3276
95903
77346
78580
26809
10984
97278
91899
27382
68674
62679
32579
76433
29448
55903
18047
63867
10222
5809
53011
12670
86429
90540
97516
37242
17601
63521
74765
52178
10799
18719
84625
60392
61487
7518
67836
73066
73505
36942
81987
16586
25479
26107
32847
65747
93460
14444
46611
25556
88998
62780
52209
55945
11007
17401
14693
100016
81129
76013
53329
60315
50575
60426
61273
85116
8750
81625
78214
87697
8759
29510
50448
98879
32079
73098
83859
3965
69998
56386
22068
83819
65630
86324
17245
91414
31580
16676
17090
16141
79800
65059
35156
32523
67328
90748
82111
33230
37596
16450
23855
53553
15433
84669
85800
92988
80255
55445
81081
42276
59795
26057
24022
89546
73440
85174
15560
23759
47619
7084
81499
19982
81216
51552
98776
70936
126
64111
4928
3802
88987
58156
33394
28839
41688
55634
80083
31889
54459
79490
39805
46451
99421
80597
55718
2269
3796
94821
39774
33033
61640
5715
74827
1161
25549
85090
75282
68205
11129
64402
39348
38536
2218
78014
70593
91143
27289
37682
60241
3435
87463
95484
64385
88577
62372
39743
40055
45346
16947
61031
25833
40510
56821
19307
13474
37888
85843
45008
31945
44475
92927
25779
58198
38214
74893
7183
83419
56476
24053
39273
93601
8974
4697
92396
99373
7681
82634
70670
5539
64663
87491
15214
95365
26098
21330
38082
4747
27411
16832
45326
3446
4314
35904
36533
25223
63765
72597
87603
75925
64570
56734
12973
92786
85797
81801
55573
64953
63668
24241
28385
9682
31449
56148
89869
59282
83833
50613
8971
12454
11108
82183
74047
94954
42881
27071
40137
43044
9946
35148
90929
85573
71732
67087
29279
71877
43051
60833
19299
68191
82657
11951
38923
66423
82464
22738
96225
65009
1714
59474
72697
15360
59661
96805
39928
76922
41408
187
55131
607
55444
94136
37676
70341
69859
24039
42431
26795
69604
2605
79028
62941
93869
37695
76482
41861
75690
55218
93331
15037
27515
41646
63880
32302
69269
75208
50954
88389
47250
16666
85443
85819
26008
62194
33580
26815
34539
21261
475
26297
60728
15084
42355
77736
15643
58946
9639
26377
8699
13661
44405
8098
44659
870
23063
25578
84106
14394
70650
99703
27472
51988
4950
89197
51797
21836
62958
54552
43755
71981
66840
40020
51158
70195
172
716
8084
40345
60252
17499
74039
81629
4187
76477
60781
59173
89637
7997
64337
73293
34226
33055
76966
52169
35952
71629
97925
45968
9808
22058
26408
26420
15905
90949
77304
76847
86963
73180
50173
62235
4442
87352
33628
48812
44874
33225
29971
69437
35788
97059
40388
18774
50820
49926
65631
40407
29485
27622
35322
69993
69690
10080
18933
50528
64620
28696
55778
19770
94457
99357
2421
63500
62551
11232
38735
26652
78571
1048
30265
49700
87481
54421
18363
35234
23308
70133
27336
15046
82262
12404
48620
79486
50892
99537
1275
76637
77031
96177
57923
68665
35249
68377
95645
95891
9594
62444
31219
69866
71901
1309
61383
56564
34103
14283
22249
84216
35832
89891
78609
86125
99162
56601
92196
98364
18729
41002
46055
58879
81318
92953
95593
18268
21507
48665
88335
68325
35744
17340
37583
56338
65317
4151
23726
90865
63209
89324
24459
75955
81105
25887
90836
51865
19997
53533
39275
55485
94989
21648
85769
14736
84777
64063
94103
79092
19425
83358
24027
8781
98100
66366
83228
71677
36004
34556
26232
97274
62930
44481
97844
62128
7418
26012
94130
13574
58875
61011
48275
90640
22968
7527
57648
75552
14774
71935
12753
9781
47368
94377
6746
48379
33152
380
74751
36323
69899
87372
62726
46114
36230
60595
44093
56449
6574
48741
45003
94259
4956
62798
46498
83780
1054
88971
37123
53732
84058
54345
25489
56511
8633
42837
76447
14712
62282
96551
57829
66378
34100
72640
54429
93504
59987
8907
60757
177
99888
26299
73214
26061
97434
20901
10406
81
71037
62286
41553
48202
27304
87681
61325
16168
26376
34546
36051
4607
37974
19870
90776
10151
47994
39026
95105
77057
74487
18581
28977
21797
48043
97792
92375
12671
65753
51381
1627
91981
93796
3861
38212
57097
34857
91771
5712
11779
75105
60550
17891
31264
33660
17136
97574
52676
70867
15995
85040
24152
77155
26800
87551
21239
64931
6678
27501
85355
86696
60303
84127
43517
89710
95753
39967
93414
90297
26782
95780
95673
39368
25230
53351
24142
809
60440
16888
16526
14300
6190
24965
33131
52155
15578
29688
36765
80039
57670
79367
10258
4270
67776
90365
15469
41263
33080
33524
11078
23948
44269
20568
41975
31510
20354
59106
51137
43900
41348
38095
90953
44232
49618
53378
67851
89835
10839
56792
15666
44347
42737
76450
91845
52305
89619
36190
68407
72339
75862
84109
73055
47717
46781
60773
25913
54767
17545
63822
34375
12490
74352
35420
40379
43746
13348
62994
806
85129
31105
7484
39572
53890
99336
53372
23537
18048
96680
97920
91438
11851
34200
16066
94392
20748
40788
66820
22696
14833
92447
69009
95211
31793
81792
17680
57476
62567
15002
45105
61005
58525
45781
24277
62565
14949
55243
5426
22581
7810
21813
40326
53868
1129
24580
98408
76581
26208
80368
84100
52157
55320
18806
21437
45850
99382
34551
26060
69937
23239
72432
17049
75314
4251
91120
44869
26784
11317
97932
70993
38408
64587
16412
15675
29687
34553
27226
30858
36015
72290
76400
52057
84396
58631
34881
54026
94110
73759
94411
40120
10484
83091
9591
22354
73562
19791
77105
9768
41813
32547
96411
69207
18131
55413
17812
51677
90489
74313
55964
94328
48302
15283
2959
96109
77639
27664
56545
81708
63900
18562
70598
98359
83800
6762
43484
28313
31896
1418
74389
64591
71592
87945
33947
48998
86735
79767
49714
99152
57302
65247
86635
35673
27493
10438
41366
61150
68189
95122
1449
77999
65941
67214
85848
68027
19394
41812
91612
64595
7430
65471
56648
10469
94940
95979
41068
52653
68974
11948
70617
37392
33557
32499
33549
64162
55921
33257
48152
86387
3616
63844
86901
64369
30703
10176
41818
75657
41431
65575
27367
68293
56728
75133
36781
57889
92986
53706
38466
27171
20862
42814
67717
17363
96193
58090
93761
79510
23606
86050
10301
49359
85895
41477
35117
79940
3684
31780
56444
73081
1180
98457
65063
18378
90334
39716
51276
13120
61585
73501
37562
39855
78796
48897
44377
76411
78970
99669
65684
88589
66924
75920
22264
71766
96203
65385
32338
14766
70369
6172
26758
18792
390
54513
74035
76681
65606
17196
22451
75623
42661
76698
42533
8622
83124
19780
51512
91910
58853
44673
87449
14220
64942
25918
59275
43086
68678
51625
5961
56273
1381
49234
30057
94724
83310
22496
37665
59316
69142
29706
97438
64996
76668
84776
70182
91881
6969
77281
30038
5571
60739
26148
34439
25664
20005
74857
61551
46475
5371
77787
64846
33589
46178
43770
11787
15022
27993
29941
56068
44108
33568
45075
46387
98664
72734
57414
12149
16686
33942
100054
22230
83386
9815
386
27473
82451
8193
20874
54412
24064
42603
30966
65720
73803
34078
99626
8295
10436
28004
53683
19264
58179
33892
24902
33113
31611
47728
87212
50046
30876
20594
76516
738
36757
87202
68729
27443
15676
96547
32289
91177
70238
31585
90516
11191
85896
608
56222
63988
17825
93037
45124
72587
72242
84520
65623
75954
75591
84928
3081
85476
49236
83269
2981
85841
75136
29827
87685
87060
16223
88730
23415
81899
38029
49595
14016
5888
7206
75890
83442
23214
94539
71555
30481
56873
73196
9024
30742
93426
54366
18618
47928
75738
7134
75183
50717
53227
90018
9022
13047
26734
23097
67412
64298
27091
47736
58905
16668
80899
82335
48725
62145
40173
441
73216
66307
75814
23263
85759
21887
60893
10645
51251
66660
27510
56158
28014
97104
20503
68101
97503
43178
11467
97830
61834
42084
16288
8156
64304
17887
26108
2760
40526
98108
5496
54571
32355
8365
60709
90930
59250
42253
68442
91050
93239
11506
81852
98802
14065
9116
39158
16684
74023
64693
66842
50766
25624
56400
81057
67594
58479
23985
91310
13864
8417
99897
23799
60569
28498
62681
37644
14776
2676
62904
62825
18424
6092
19507
27105
37680
52184
96723
40070
55244
15464
17889
26002
37750
47979
15566
81514
17148
97220
93031
90417
69133
27141
76278
54374
6191
17744
71961
41825
6582
66815
31898
55578
8124
89600
25599
11543
53534
62682
43560
51269
74600
28869
98555
65171
59344
88205
40747
55724
29170
69154
43083
98253
71644
19271
20416
17631
36892
80319
77514
45036
30317
81826
45559
54838
14587
48162
12685
69181
55155
96720
2027
28394
77221
73344
3273
3053
18073
95758
90010
4994
82855
97643
47145
59777
92905
43198
3333
71205
26391
70489
75276
71087
8581
76869
30962
77544
26308
88124
45076
61456
67988
62202
60825
48339
51846
69099
68486
22967
5995
73213
25471
53010
11022
71753
50213
57210
82917
10249
43447
67994
1280
1281
30733
96767
93654
24694
24885
91980
5076
1858
17208
71800
96381
43785
62821
24570
38676
1410
15916
10865
60398
87997
6272
42409
68792
56846
9761
95114
25608
35987
72485
4168
78577
8463
23727
450
75158
85528
85170
42068
63265
6554
3219
33793
71231
88654
30255
56398
98280
85115
39712
88899
74880
7130
22649
20423
98736
15021
37247
92412
91252
39112
99017
21014
4522
84363
46697
69103
95027
30586
99389
92824
67424
82708
47173
50007
31361
11056
86347
47691
6187
32202
99263
18328
77070
83535
26174
3541
42440
68154
84718
340
26781
29970
38968
1063
94061
98845
2950
50725
65316
15313
84947
37804
60385
2828
27906
56913
27948
5868
94236
8667
74669
3148
49799
18438
98437
16517
78376
77411
430
51111
20654
28998
23372
52482
43645
99843
29273
88065
81428
83282
42656
45363
94458
40932
23291
56459
36949
63915
46014
7742
66843
29334
73520
70149
41126
66568
31074
13681
39775
83134
51657
77796
45148
1497
18013
59029
51433
42938
53469
57827
74949
20675
4249
44117
74185
51217
22308
42511
30489
64659
26731
79967
66836
82487
75352
18041
63715
88307
44782
49062
78849
39686
64423
24298
61234
1617
75010
81830
77727
53275
6668
97452
63309
29799
17307
48708
81089
35682
36875
89812
16437
695
11433
97903
78288
18204
11634
93224
14863
88890
91727
51934
32709
28353
80592
40822
87513
95076
26447
58617
79907
75368
30498
94121
66038
95097
87631
73068
13600
92636
54531
69974
3354
1646
59597
47049
57838
84590
27464
91468
21576
7909
20160
4720
69515
91165
91357
67476
29940
24688
16842
1852
35916
42973
54419
43474
60404
48197
26842
46375
84949
36894
1465
5630
52042
29531
95975
18277
5557
60985
50095
76911
6741
94208
22980
27085
11510
86073
96209
46190
88984
32027
88251
36107
37259
72471
23910
95392
11051
80376
55526
81984
23951
97155
43378
7699
12755
14600
45593
1491
93221
21570
92780
49944
7335
97139
842
79615
27757
15400
36184
72808
17095
35465
96300
38288
98173
73579
3258
99307
3139
76688
82363
74179
90363
61597
39422
98243
48472
38447
58965
48911
97454
84591
43445
14362
37352
60791
26239
67697
55581
10256
37472
72911
20049
17305
9574
48548
80805
16256
14543
91962
37017
93935
5278
16837
5761
61078
41767
54871
9742
56507
73410
22276
53462
76090
3917
22778
21534
78064
67199
12272
19169
67156
50325
89006
30403
21452
17218
64437
52639
15963
91189
75054
38884
40573
61097
80755
32766
88785
92783
73745
52050
83299
29893
5036
34443
49746
37791
37512
80070
43356
14322
68342
71363
90666
1475
26538
38120
41224
27306
7427
24973
3025
52890
16875
33273
76864
12577
21148
90557
24905
91359
58954
52418
24767
23394
93417
85375
79728
68195
65418
29595
92053
43097
31767
49761
4850
52829
21410
61562
18422
16455
21690
19079
9717
95375
77928
25364
52866
80157
49268
84993
74961
6638
7939
35275
40858
29512
17678
27529
1067
25002
76835
68828
47973
35979
98550
53903
87313
26354
699
37891
1724
90536
37032
74459
45735
20040
23987
86525
12519
30579
36174
76935
27135
66347
16228
83608
7852
54846
26001
15657
77087
99256
93976
54216
5485
94018
63669
66291
74675
43110
72612
63758
88361
79814
88504
23079
14308
1668
48236
25696
82693
85868
84600
50542
80492
59899
73164
81023
9496
87958
21713
54027
48146
76332
69096
3645
82613
9189
2140
97208
14579
70954
78042
57381
50284
83731
26451
71096
87153
60789
30114
53112
74276
48264
38532
80686
9183
99570
87360
50015
33938
93979
56194
30553
29552
84730
43778
26210
33155
60186
4094
89481
49482
80072
94530
86280
77213
49075
97015
69348
77641
59042
98204
79608
57780
61685
96148
21571
59812
18571
26885
45938
86417
60925
12178
65431
541
63728
76369
61193
44369
40009
7870
49129
11351
74684
42710
53731
10922
45725
45532
64010
27316
54840
56432
18462
9796
96733
24898
44826
78549
20677
70035
40903
89955
30230
93521
96751
62175
59942
42286
41983
67727
47866
33654
84550
14852
85867
9963
162
14197
5976
58584
50239
37613
91360
19921
34198
57048
12680
98718
19505
75487
95997
21536
82495
7668
41898
34593
25370
43822
34083
61108
47762
13801
48705
66390
5500
2552
15860
64648
5024
12379
94414
2700
44762
67179
6846
96965
34447
48698
97897
72396
4348
76870
19133
50802
41257
28671
85810
66058
19435
31342
53064
88638
84469
97598
79501
96710
56451
98112
11292
9501
27816
23992
40322
39947
37824
10641
88452
25647
22648
89825
65391
57989
29611
84375
50620
22687
51525
20681
58328
57674
34690
46956
41239
9075
94443
39331
98790
36497
95170
2197
47551
69593
55117
73462
85378
14509
47429
99418
10026
20351
74484
97462
18688
41684
67927
41275
646
24393
60922
92226
64327
31776
40926
84414
75423
86328
97974
26963
38714
40588
70394
98744
67273
17465
16678
41796
69282
71414
23452
84410
39408
29494
84284
90134
73079
94647
52219
54705
16767
97103
37664
98975
154
45319
51204
96989
65652
79870
18367
66098
58146
5585
57906
42803
29783
38534
20644
68015
9780
71863
21455
70448
79258
11381
31534
2702
87291
28521
11225
34110
70158
97060
80184
42983
57926
17878
21395
41890
46815
96587
76726
71725
61286
44278
69508
34270
24336
49419
43522
72447
15359
21676
40284
91187
44453
4613
77042
23187
38429
99904
98735
97119
34477
50697
5216
47233
48343
24417
61152
32313
62036
22298
80659
64851
21725
9786
50536
34245
37115
72037
46358
70478
87855
17822
45844
35141
59556
23989
55844
71029
12931
22318
19672
19427
5110
46802
16672
56747
10197
18578
72044
98037
17921
78846
67694
82470
12168
87177
46020
16763
18740
39197
71297
328
20202
11160
14877
75127
83961
44163
6197
34140
63081
2007
9147
75078
42625
92602
40888
13478
71545
74154
4602
51505
83488
59096
38410
35036
9257
36197
21238
60456
44844
89202
28636
21922
54141
74892
86097
41128
31597
93749
88968
75394
26897
40402
29805
39326
33304
35710
36024
39901
45962
26525
49981
56420
92111
19822
74641
5532
70458
10628
88212
90036
65566
63302
29964
95973
87684
62492
66051
30052
86457
8645
54001
29462
89752
3125
37786
89787
89118
2907
98136
20274
88181
44519
33288
64979
81839
41270
86346
71038
4868
96505
5591
82827
32522
21936
44314
9056
36279
27699
35108
27364
27862
58025
43492
55480
36313
90575
69263
51255
42962
83849
49079
57877
92109
79195
82180
30142
30597
97921
13264
3602
27521
87317
60956
91138
78283
59422
58550
99245
71598
23492
20348
26214
95514
6055
74292
47972
15468
29562
15230
19053
46256
89594
76853
65100
65717
1939
57182
74946
48147
11722
32861
77506
15486
40087
1869
71064
2532
17147
70805
97124
51474
32438
71003
72856
46980
14117
32118
80503
78700
58916
28530
71921
29397
51883
60615
28309
47841
77368
6799
45807
93416
62745
10904
47324
55571
69641
89260
83883
14035
3567
44362
21216
3836
2036
8475
1088
63342
88355
5989
71417
94575
71704
94468
5832
59963
68238
18014
63230
12034
79003
23924
66399
23801
27524
42735
48448
48359
88673
71279
95729
54411
95893
32397
12830
82532
41093
28764
91533
36513
36577
83291
65911
81029
62519
81698
18382
18552
30483
58740
11762
37159
74809
52249
12681
45396
22062
45360
97480
32849
66451
82193
88905
19060
71305
95740
92420
55562
38640
96097
89341
18445
7481
13067
88573
54750
21845
47080
29326
82813
84352
79439
40657
6901
66044
2842
60253
18702
91699
63313
1935
88038
47788
2566
31993
22412
33337
72916
54981
81400
72405
84729
26821
48775
46728
95547
60612
32537
41110
24842
69714
28733
45223
65047
81344
69799
57
9851
75483
38781
28096
98837
78516
59191
36301
52670
46430
49544
52973
28029
44360
60659
96144
37323
94315
92113
65341
1837
11702
70322
37331
23878
40981
41256
65370
4758
30578
44520
63460
42208
68567
29154
92762
54178
80244
85676
84113
18496
21771
31662
75011
22659
76283
63865
39394
27157
96892
77669
41422
78308
55358
2080
59070
11032
27000
2707
10880
76196
6424
58759
45079
4586
96499
13619
42050
95541
41585
4719
98825
60475
65700
23209
66251
5889
27384
87018
80762
31377
42534
48810
40059
17036
69218
56800
94953
3910
54477
50959
98376
54804
65005
53426
97445
8358
98153
16196
3542
51346
98859
37615
78943
56264
56245
25658
25770
51784
11705
38260
15785
12897
48557
79589
36684
30171
49073
15288
22478
32647
43470
75960
51383
11590
86352
94415
60676
23416
6046
47247
22835
10681
36498
7665
333
24179
43791
11447
76771
18253
14224
60401
99306
4054
18212
62697
64654
9968
14330
28069
33704
53016
53675
63275
61132
63015
58750
54317
40462
87590
28901
18890
30815
93012
31772
99409
4136
97007
69824
82484
1103
44350
36560
23260
43845
97362
93884
95335
45529
5654
92000
17076
60310
81910
72983
74348
78387
6997
66631
83374
55930
81193
31682
81675
97276
27214
36910
36714
29025
41102
29077
15247
80832
91086
11526
79509
88868
31197
9844
71104
75112
91361
57484
29718
48457
68941
97282
54665
98439
70697
88852
48596
68093
86547
95351
31183
77964
21593
71514
24125
46381
35043
59738
68378
83471
79498
81010
25378
17408
66028
66702
19493
40524
58426
27961
88675
12358
98867
56551
25069
82663
36302
71328
72354
50615
24884
71262
4738
51358
69758
16978
62462
71428
94022
98367
83494
24245
51816
73603
93402
1005
40603
31161
85419
31024
93532
1534
28103
90097
77864
19640
75132
17379
53446
352
93372
56746
76765
97238
74836
19792
82599
75992
55862
68146
2848
94105
53762
28974
69884
69643
93166
74709
8370
77813
19467
43970
27698
73702
58257
56598
40179
22877
73827
91926
8202
74321
31738
66808
1626
97840
58219
785
21040
12442
60061
53229
70721
21552
40267
59001
83612
90303
2249
21759
34232
16786
68642
2432
91944
79539
345
75006
45428
49802
33045
29173
22862
31165
36310
4206
32668
73168
28131
53036
38815
28154
51297
90143
74799
62596
92249
10674
21270
84597
45065
41370
69310
29731
3181
7148
54518
68382
59629
84273
99573
37889
80046
3169
28305
2193
8825
13698
32320
21258
26326
63628
26742
28810
69078
47943
34549
99355
54409
73023
80616
3630
41049
52982
29227
37039
62540
21663
35718
82995
58047
8369
41612
28937
40608
10939
18686
81513
17576
27211
53651
39196
74588
14116
16140
15445
77134
1722
19697
5694
86101
2556
4449
86731
11430
83240
37720
88666
44426
79833
49874
29257
94915
98321
43466
78385
29211
40950
79844
27192
88040
913
2195
9423
31378
92325
44609
55034
76839
94229
93644
16401
63741
78355
6553
8231
28739
90102
23130
96736
79197
27097
45040
57274
4536
77597
54950
68061
60430
85401
29180
59367
43073
31467
7464
26274
13616
45243
38871
95368
96330
61811
39217
18936
96750
79342
38058
76204
57332
93624
71855
12074
96585
72062
64001
43233
54362
92811
92361
48865
84236
61882
94978
64984
51450
8431
88938
89861
87054
61581
64738
68533
52143
54475
78252
79873
93525
18752
87451
49265
62101
14886
78015
93598
14015
25416
67456
32171
48969
48240
21360
463
53924
15096
14442
95223
70526
64968
29322
39477
749
4240
5005
65346
45088
22468
57549
46835
37655
48120
98157
32569
85622
11254
47034
36335
324
6947
25731
48556
1676
68094
34540
16518
64
23206
73099
13764
81650
57006
74109
71652
50985
27957
92222
37851
20829
4331
67949
63232
74430
17025
43117
63180
53513
38321
11353
88989
8548
6082
95583
51148
31961
13679
85996
30152
52994
68140
99914
52380
6661
63120
46760
40187
3547
90984
24083
15570
39028
75704
85566
60714
96554
60030
66356
14636
19811
81884
27848
80037
41620
14203
16010
40180
78896
52245
43787
93110
95452
59412
25666
23986
27183
63977
867
96278
94205
13780
51932
99274
26740
56907
43979
2861
57324
21768
46132
90614
91651
70723
92475
57622
91190
80506
19084
34795
78544
1550
59485
14926
65893
2215
91494
81623
25643
46636
51445
38446
92540
24553
16755
71917
95876
46182
96997
34434
6650
2873
30330
54777
64079
26490
13765
43907
28849
12027
43966
12360
19456
65336
73829
21305
45926
55516
74977
50505
87308
87103
73379
54140
4156
88908
21994
66376
97875
7532
66064
7494
43487
52035
59622
19724
60141
27024
10650
55441
14835
15384
95159
54154
54878
56586
51867
25955
5502
26835
67852
88090
49380
3896
87022
20169
9914
29142
27067
53369
96280
44130
56639
55219
58634
32546
30348
80068
35321
7647
47558
71786
4560
8089
70072
18069
16501
28046
9229
84688
14460
70480
26822
44176
26044
39270
97468
20478
5578
50686
68760
16650
38061
15899
9403
32063
69761
49344
28738
93242
44102
18487
6323
80092
97378
35007
33621
8404
47482
35250
5701
23281
65977
5272
40798
88942
12369
63775
89044
72431
43318
81345
50397
74070
24048
94135
46149
58375
86537
243
57627
3723
28716
37719
65249
22341
63371
34825
94378
65535
20502
36635
41331
50753
66828
71756
59495
83436
73609
76179
2849
95201
78557
69487
6841
47338
30810
86374
29639
20851
14537
96561
22971
68331
64019
46951
38594
42252
67562
41320
45420
92724
63630
1767
9671
52455
33414
14213
24356
94093
48171
73356
79292
3452
72080
6337
50866
82288
28610
1225
90477
59817
7618
8936
9667
19496
8671
14144
54007
67237
34053
94083
48106
31626
942
83810
37522
17694
72421
94719
2038
86477
43555
67487
51092
88376
45006
97754
100044
62978
42770
32581
27139
37717
14872
50644
42367
95278
7059
29894
53367
32725
33201
25676
46991
38741
88318
18542
93399
97319
52275
51487
29880
68656
61085
60860
39593
41982
71923
13456
34387
37591
81719
45660
83765
72837
17013
63136
54472
1072
6287
24120
17020
1362
50386
83781
19287
95017
15394
86233
97839
43682
83034
36914
13543
53416
54195
86987
26761
58731
20263
27142
14566
79657
70900
88758
63237
83483
98772
79070
56688
78411
1652
9327
66853
61872
72766
47789
150
68972
92598
72501
99991
36769
29067
84850
128
16966
43449
33006
94013
45870
32235
42129
46299
92788
4335
28232
11128
98595
40746
34513
14433
45682
37936
36627
19927
59085
43081
48904
72285
98701
98738
75492
84740
37496
72111
59636
43690
18335
68641
48282
52933
30249
62835
24866
23942
7438
61966
22305
69182
72868
39824
22978
796
75526
81533
68648
75297
48524
56723
13421
75806
41876
24343
25776
10098
84846
61306
32504
24409
86471
62831
20792
10039
9186
44641
89779
29928
81313
98226
35651
91201
77412
44680
13811
79693
53457
43358
49593
99232
11655
89248
62093
63992
36422
13234
40234
98313
66176
18475
85187
84861
35505
23045
20182
32413
76317
80352
90778
44567
23264
39882
57638
30558
41766
32730
85732
8308
33046
97748
93080
69303
72374
54071
3262
51803
76891
22998
62136
23591
88288
47859
75837
91668
97583
55137
77832
43660
71864
26489
16560
85014
97431
23777
97024
53761
33768
48327
21859
57536
10449
36730
2419
62310
41637
56472
37954
1450
26183
69990
32261
5065
38994
6004
51813
89513
89076
50844
72016
16670
51467
4689
14002
93119
67239
35094
28257
13775
81493
78867
93554
7314
43711
61579
85358
93357
18388
65993
90701
8495
78026
90933
42310
26300
28931
29029
95265
4935
77750
93054
22760
23322
48658
74091
84882
44798
73566
36127
15335
22689
25931
36861
62637
15081
83532
60897
3501
79903
13105
7220
51673
57555
31785
66663
89042
40891
23601
55112
92894
24147
77663
94161
61076
22488
4132
15819
91241
45942
20197
91891
36176
76784
35783
78379
81664
6643
23167
53473
22511
64422
70607
49028
72573
57394
83368
57242
468
89020
84893
12613
20622
3522
15375
66947
34996
15689
56994
6347
34502
25860
10000
51154
93534
91616
28574
15723
18848
20021
64367
34441
42598
95257
49
27276
42001
75223
54734
22420
76456
58876
33431
76366
50932
98812
35898
41479
47978
19609
53001
90418
28999
21381
74906
28234
87909
41649
51435
77461
18914
5059
55640
24115
11337
64600
81033
62177
23274
64460
12445
72070
22853
4510
30839
5732
20381
44170
54226
91100
30187
73750
67797
56607
53617
56128
60491
86167
91853
79154
18372
14865
19801
17183
71504
99900
98644
38831
62087
8646
61197
29541
70676
6822
39114
49407
54047
26064
2763
18921
72199
99412
34922
9921
59820
32889
50459
15039
28553
42426
34464
23471
1297
5514
71361
93043
55250
7017
94321
53347
20296
49634
13208
10134
81185
89420
78129
30632
47333
25698
18099
1130
30928
96982
19951
90254
92185
50191
3397
58685
16311
28670
67726
72467
5955
81515
35279
80846
33149
17596
98242
4545
17197
82844
73839
41639
97740
33574
21256
75664
92901
83855
11783
71028
59500
34195
71296
8492
21448
52609
65256
83903
95999
25744
5299
80253
16940
45514
84030
83257
59514
16045
66561
98978
24534
78181
1838
94232
18358
6270
41287
24533
8770
69867
91031
74366
60661
79281
71063
89668
63185
123
23872
39202
71320
39642
27868
89254
26705
91927
43764
52872
62526
89373
15513
36321
40665
54975
50846
29225
35623
5221
13653
99708
1122
18433
98463
16792
16009
3176
82765
25766
65244
47958
7031
28174
42761
73896
17269
94254
8963
99000
35593
37878
56078
26130
77587
85859
66139
15938
43371
54032
31755
26495
58282
56540
96031
76901
9323
95911
38463
69378
83626
73454
12399
45589
12589
89558
24167
83333
59307
39000
43175
86185
16261
39468
26830
72096
17297
46139
73857
54168
32681
43649
20269
26324
96964
77950
32682
23885
39282
71992
35140
94062
15994
11866
11737
19762
62256
43971
69955
63075
60073
14332
23971
73160
52222
33862
84027
67235
84220
79757
32525
52192
95359
21253
73451
14143
24289
92693
33027
52642
3213
94836
28423
77126
18796
59527
26027
30251
90461
6383
15711
50870
52991
81676
38843
16720
76770
80386
5006
9150
