63295
83676
92141
98532
85502
40032
35445
14945
35723
17357
19154
50521
74037
44394
7007
66537
43593
173
6644
62141
52353
63764
71982
41988
58758
45625
20959
94834
35646
98716
40438
16063
56836
12844
26718
38804
23296
29331
31063
1657
5376
8924
93537
13791
69850
66024
35111
86065
55635
95821
24346
63040
63922
38616
6919
73812
91759
42184
6467
63054
6377
70155
19107
26063
80503
71130
99927
2629
67185
93197
62247
71720
87527
48188
44536
22766
34560
10412
61522
44231
98271
1652
9517
81219
41602
75867
94995
94753
34780
54372
25045
28969
25227
52164
31596
7839
46578
54982
46360
34281
90769
96988
79328
38214
8648
65587
26380
65036
69015
23704
18870
68122
74548
33509
87396
74687
67128
70113
85027
48975
2430
28055
69410
59280
37349
68924
36801
46856
90640
86232
41507
17705
83292
5341
17522
53626
27605
80707
69006
21226
67769
32856
65448
69943
65255
55762
63429
39936
1371
45239
78054
16483
53914
20331
13711
48820
11561
7324
82009
68737
2486
49210
69886
12221
451
979
37669
61151
93155
64529
54639
4276
24520
77320
20684
98396
88486
60176
24069
26007
86705
2174
95288
94086
7783
52837
74648
198
10040
92072
89045
38648
91727
82703
5452
60246
80999
30025
65124
4444
43808
2518
41908
26224
31889
12350
63790
76081
26748
36137
39524
64951
62398
33965
34466
14450
26483
59972
63636
21741
83623
38337
25195
76657
7410
29921
26805
41302
2014
58695
18356
71561
11572
61451
99791
73413
32222
57522
19297
25603
72576
91455
45317
94565
32770
185
36010
28160
81864
61498
16058
69127
41411
33012
4170
97417
98619
60976
3423
25958
25097
5609
69203
93560
65834
64370
92558
60697
99474
83087
41997
48927
71310
26813
23633
77662
32072
92183
48204
9699
84757
32089
51509
48288
97218
33151
32413
31305
41458
66481
15250
41468
74243
15926
79571
51294
83377
12991
26625
39780
80170
5874
43544
99320
12177
5303
72545
75252
17616
86063
39485
85883
81010
51507
52151
40021
11326
22170
72513
63422
22155
2285
9791
76936
35629
10124
75146
71468
13264
86336
58623
12130
43647
16755
8493
65497
37116
38579
45126
84547
38090
82301
92974
22509
80982
52760
70123
84669
71257
12125
70223
59423
15547
62924
74254
7594
335
60167
5284
3228
36575
12019
61795
73376
86930
80749
52867
15135
9674
52167
18526
14690
95615
10952
4255
90676
34442
15877
786
79877
1996
39260
62343
70932
41401
31511
83909
69102
53777
57606
49328
15037
99370
66840
49977
77791
2700
83618
53270
2470
87298
58245
63266
34572
25658
31440
23287
19498
19746
98711
88238
26539
81082
15440
47279
81701
9785
30994
41052
30997
55782
53182
59545
71898
23412
82862
41307
11301
32655
30238
83961
74244
5404
9043
81725
41466
38069
81530
68244
23509
41682
84857
18303
41335
20234
52048
52124
30465
55997
24040
80846
43020
75134
23313
30886
5765
38660
59653
73416
71783
58958
13250
32102
64001
87614
9492
33998
73713
60385
71049
79286
65457
76124
25518
79279
20917
38434
14834
28749
71331
3611
24163
62461
77027
32196
54103
60527
38750
55134
20802
53795
75242
9392
18039
136
8162
33790
79795
54618
38921
40063
80741
53236
99061
46852
67538
41733
632
87083
79916
82274
31884
25690
89298
14417
19935
44192
2517
94487
22815
92971
89302
69100
98744
3026
63685
18044
89230
4471
78242
13979
22035
84017
86402
93273
26696
50886
16
49607
83891
46286
42009
19959
67172
79848
18036
3616
85347
41217
60258
11802
41996
80264
64196
7163
93646
53161
72079
16376
30949
31201
79725
59919
72710
31983
35632
57722
2641
2891
2130
27052
82385
97644
53070
64298
6406
57711
47739
83047
62412
1060
71503
92749
96715
30513
73506
37825
70510
65621
80339
39826
52129
24181
65258
98122
44782
1021
88664
56680
96804
22427
55781
4256
87325
3848
72746
22567
989
38096
69139
43588
40692
92082
28097
24389
2836
87
26726
50465
42455
99507
32067
43377
56238
32709
20198
36058
1310
84960
91136
49225
58616
16594
32040
42365
79481
46219
39557
78260
38221
87666
18747
36288
36780
60688
53372
64914
23081
82836
28991
64900
31914
84926
73924
6416
18298
68428
68038
85058
1154
25171
6579
16330
73917
62562
60505
21574
99600
98735
28204
90510
29033
25783
17235
81241
58501
43839
31160
10681
55219
82924
61154
51837
93541
84690
82885
2910
86715
11505
40897
73880
43059
77863
55352
90958
28992
475
81937
3417
77157
66218
742
26936
19553
34495
55784
46230
83357
83021
78700
31376
26898
64388
766
27161
47082
76971
36367
85207
13236
95333
25271
34598
58151
86956
41193
30112
28829
96934
10146
36031
19961
78775
5279
33565
6150
31449
45370
16039
31549
32888
43692
81959
89455
25249
42859
41906
90865
24730
22750
63641
42417
81814
14337
69308
1649
84895
47343
23774
5029
40971
27662
97768
96738
81155
85925
65283
95875
28643
64853
45352
72573
49183
43224
4220
51284
70851
41561
22034
20715
25884
5716
27732
24915
31597
56634
41413
8440
86695
61632
31076
29741
86365
17089
98260
10036
37490
85363
24819
96556
82242
64650
63834
23485
16838
72737
76900
35586
59454
30726
98731
91140
41380
54505
20182
76449
51838
31974
71681
12100
65932
2054
41751
62474
97812
53192
70622
42816
45027
92193
95998
14111
99485
40
98612
16845
60771
88578
36412
23309
82955
60787
28971
94580
95101
95974
60241
99302
56936
28063
756
90307
48088
61258
86227
35925
41986
46624
8913
29743
47202
81720
32260
38969
11319
15218
98144
72093
14649
74022
84988
20360
17065
55061
55673
50128
95995
15592
2363
39866
8879
97278
32050
43705
75942
95325
52863
34653
3746
1538
40662
79532
14873
82148
73979
79229
21636
61157
7707
72732
65149
31756
42615
72212
10527
99573
86669
73483
67582
17255
81158
590
8452
95345
61538
42599
46756
22744
57555
24230
19962
40311
66072
2080
92665
33216
29364
74526
5996
15158
67339
76512
40934
68288
31927
92145
34013
94254
14844
84008
26531
91079
57685
37687
59521
9526
22150
34321
17112
65487
85022
63544
94797
76148
46339
22917
82658
2867
76970
83921
3930
28689
13258
39111
47241
30502
57818
14951
80822
59176
52120
78203
58788
5360
84023
2424
88157
30897
96800
8136
85456
58207
2766
48597
99025
28747
23528
94065
22496
69535
98738
82870
18634
58426
47619
96192
31673
33262
47679
9007
45786
98671
3267
16124
83033
43998
90917
57704
82548
68455
75512
52178
52903
53699
90788
96145
87090
4240
66176
46351
2044
7444
65062
96913
18885
47595
57156
14701
50204
78687
35541
8373
91567
67996
13581
56718
91627
79392
45245
52401
79865
36110
18213
31075
86900
93829
45250
9443
57865
55590
99989
46576
89972
8744
42834
90011
76698
60154
79757
66317
66401
46507
19931
68601
30611
57982
89265
18638
94814
82152
65641
12247
90768
52160
94916
38249
48317
87591
18670
55054
97923
84266
90635
87963
26312
52070
97782
75951
76748
33006
96463
19597
76170
47611
5471
72304
26023
23740
15553
59671
21941
72316
53672
45823
25941
26993
63956
45145
66085
84297
56665
28281
35360
28594
98113
14672
93621
83925
63946
89061
57419
32629
25477
69125
49362
47295
29164
6298
22857
43307
27505
44046
16177
42324
85371
7058
61438
35888
13909
36529
62259
21245
71054
10075
531
88384
77868
85734
66094
67269
42884
69581
16161
17709
2505
46562
96344
66719
10032
91664
65259
95918
53390
72888
22017
41869
54884
1121
18328
73554
3036
29220
95389
14659
72527
84420
74166
84374
6981
78510
66931
48959
52162
44879
72275
14779
50885
19794
9218
15980
22219
90505
86550
73216
41883
47615
64619
38325
18409
68539
13100
63124
52248
46135
83524
3903
68307
58405
53142
73916
93291
26909
34545
46518
38697
429
78709
12024
26061
93900
41422
77377
68378
19888
95537
50400
50761
20994
86647
43730
15735
65009
17659
34180
79498
20896
57041
40473
72516
73881
82202
29798
25633
80513
48413
40739
2533
93214
75893
18022
89226
98018
46064
16753
96078
87627
85449
64664
42378
87000
85417
80771
62066
53442
90864
36468
34648
95628
52471
10546
53049
68833
11001
96926
70869
69314
97730
45455
42705
36165
4097
95999
79158
25931
9713
42044
45703
99724
3703
16447
16244
95868
45248
56330
94546
6036
6503
10594
58423
50293
65033
44553
72558
6059
14927
24647
96465
64427
70591
82282
70206
9951
91694
70095
69601
46087
2069
60590
62436
75327
30742
85298
62147
38170
23490
33822
83990
72253
55808
71551
80651
76467
57470
2796
64030
4301
2737
45433
6310
33681
21609
89100
50012
56173
64579
45753
47151
70470
65919
67506
70545
13067
89515
58813
18826
10778
83083
4194
1028
47404
31369
85264
38994
21504
70655
68103
36932
12199
50072
38552
4681
53724
62991
95438
5248
97432
82432
77426
82327
7730
64828
16142
55874
42566
77621
96939
56817
52416
85439
79522
47498
20442
8572
51999
9649
8403
33757
18941
90330
12241
62416
79735
66145
19521
23639
56154
52527
62090
52232
87025
9708
84127
56924
73229
3184
54759
97564
73228
3175
69604
47002
76425
72339
537
96600
50995
10598
54270
67550
50407
45821
48834
89563
15129
49235
7812
48339
5255
60928
67955
29987
77673
5371
25301
71461
45155
71460
99244
94135
21971
99154
64763
63934
90481
95021
16339
5157
70292
25549
32939
61182
35687
12540
98687
54784
98879
62104
69507
56257
35706
62674
60780
62437
33002
87442
75877
57100
71613
95840
56073
82607
71349
89445
57741
66366
28210
37842
94163
95763
80245
56934
98826
1092
76461
61815
38530
20183
40194
76222
85866
47743
44821
40443
30662
73241
53681
43776
73904
8003
26890
27131
96658
77496
24612
59638
18861
99240
71377
47425
49728
30732
88054
76139
43731
78176
52789
45233
37041
12951
90227
3717
7403
1211
27509
83188
2015
20328
7895
79365
94559
46263
10950
99083
7979
9833
11478
60156
6654
53861
19169
85740
82989
62737
34549
50921
69021
37698
12509
17591
57496
14535
47227
92092
60318
83768
74175
55286
13533
87049
70436
19263
89399
49532
7087
34811
93919
16514
79099
25401
33069
36608
92824
26818
95941
51048
85192
48086
73018
27481
17559
79791
22708
72782
85040
94762
53531
5917
43712
50758
39484
43007
9513
13890
65552
51990
2728
6672
45446
23091
95934
33897
51349
47504
33765
39743
82648
975
73908
90277
4590
89932
56858
1025
31646
34844
1057
97866
22382
10495
63440
56827
34304
79807
74976
45463
72102
62303
625
60164
46191
44820
71150
39756
32311
75020
95038
30005
58128
9211
91371
7963
89984
19629
30359
3552
91021
36620
15833
23418
10378
11117
93348
24258
64710
33661
70792
37263
1431
30287
56892
47490
96501
80028
18504
62466
49879
68411
44295
28035
65248
67067
90365
30200
8062
99259
61503
36571
29935
61958
20860
96989
49834
13412
79459
9309
51203
25912
73752
68151
41641
68436
69215
57691
90504
44588
45406
3021
16253
17695
58314
72229
28752
57993
96545
33410
39948
32111
55599
86304
87125
99448
87705
67969
27772
24749
97279
1229
29775
38852
60975
77428
50935
67298
40796
49907
60478
60366
2494
53361
63678
70882
28904
58822
75077
72538
66472
54627
38278
56039
23617
34515
96004
52826
84858
91542
88666
58346
15107
59711
63434
33675
84095
33781
4157
23873
36351
90412
15259
4065
87129
37034
34283
97627
21107
66236
14757
33824
46481
48774
83049
83668
82900
21575
70830
38996
88351
55639
39890
96538
20700
91744
70981
75707
94859
45264
76985
36873
13006
20413
30108
34483
27005
27171
68314
73549
14374
49367
61622
7664
74136
16760
82268
70630
38250
95035
90036
7547
25704
16319
81487
68183
7890
33080
66173
7529
31199
80855
8716
3772
17206
22405
61407
88037
93288
68492
22032
46021
81684
31283
96028
81098
86708
30109
6262
30583
36095
47105
79231
68852
39220
36676
98618
42959
94184
61662
87798
87373
96101
17544
97301
1440
55905
90616
43526
94080
27365
25670
57751
49073
808
47341
6349
40911
92721
73995
52619
84474
12684
38820
83782
30782
81663
55375
47668
7071
50925
45398
11828
38447
93335
47881
9234
71966
63691
91582
38686
41364
18059
31085
81143
63368
48000
16337
30146
79145
8931
71185
17638
8176
27375
15028
24452
65320
62617
562
19407
77967
55260
38176
17469
33462
75449
78532
32624
91661
4721
37407
90642
73323
64142
1199
62351
39472
21698
23215
71454
41726
13998
47218
14636
56526
90395
88189
68265
98922
74559
82155
43100
16474
59185
54609
100027
80402
93791
28307
94775
72768
81018
52842
4285
78802
12936
65771
48762
40285
42936
7064
16078
48940
39674
27033
80981
47805
21338
15755
39320
47499
14020
81245
23885
8082
32667
59186
98040
16833
39402
54981
11754
31066
50909
24973
19061
1009
13433
42250
8127
3750
80097
86238
86354
44860
21945
88554
49985
3236
4129
87920
68425
60114
79164
63460
87059
4526
75485
26599
43173
65054
66727
74919
76527
42039
43135
43199
88954
99691
4479
41406
78072
53235
83372
9147
56048
9722
82916
76718
53554
28953
25621
4357
8274
12614
13748
16492
39578
79629
35219
24588
48576
37184
83500
19215
48508
97683
79618
48106
80213
42221
89352
16437
67860
69260
64034
27545
43373
20547
77348
20285
1735
66446
23839
7703
29070
68670
35399
81175
87765
51710
13888
83375
41939
4355
22398
67319
48603
64320
73003
93859
44183
35750
27835
23902
82180
48641
11503
52836
99920
94926
10065
48207
79608
34764
38954
35511
86160
94549
70150
26701
13037
51529
33364
65841
39050
94348
25336
67365
10128
51378
88008
74381
33739
57838
87936
98032
74281
21363
3919
63795
32491
45554
46997
24624
43310
4461
37441
5813
88427
614
31451
56074
91431
18017
93224
15465
17144
34595
75160
21014
73566
54101
98584
11857
95084
68608
86709
55333
23990
33540
13475
23583
71143
48047
92779
9550
17765
4238
39562
98977
13765
64318
4104
3403
44326
89539
59251
18451
70721
15322
53838
88640
33522
16877
91027
5
96543
76085
59045
86262
43786
17823
79315
8853
57514
76647
43607
98897
86212
60786
12906
62523
18123
26371
27895
54833
87804
74977
71028
83346
84901
95614
8124
45477
54293
73388
57168
1856
64883
15606
85238
97157
48280
89702
84539
40561
12396
12538
6053
34111
51932
38292
11585
66102
22099
48621
68315
420
28298
46266
87903
67888
63994
27618
23126
35224
38815
15668
58100
20990
45574
3544
98830
40233
83551
94616
5919
9148
40347
88967
25717
97344
97187
91175
30809
17729
42738
38370
76303
35993
30208
88529
29747
22964
81456
40184
55057
24684
56102
98709
18194
71259
29805
51428
6215
57356
71775
87207
45787
74710
1755
89812
40521
66319
41702
71689
86216
99257
31128
25376
44662
57645
76021
69556
226
70654
13364
20830
43636
25055
73527
77721
94473
67943
14656
26143
72984
10722
20958
90186
30407
11287
94049
91617
45293
93754
81869
71655
21186
66425
18267
67613
38215
37124
89450
87645
91763
23010
43912
98870
37679
84838
5345
26051
33643
90779
98355
69757
91398
22116
39447
66540
73423
28984
87592
79531
91751
55129
78766
17952
92033
56562
66666
64755
82827
20318
20446
22942
28545
48963
59512
70653
38463
74151
72171
46958
20939
59263
61508
76561
12251
87618
27986
91452
50518
32490
15384
78375
34588
40838
12453
75301
49370
10957
65563
41678
18329
10066
57237
93697
66929
85662
2765
48733
49445
74465
35256
22965
86099
3887
6050
20282
81198
17436
82373
5669
4402
74425
66451
77806
68304
31613
93439
35496
63442
37998
84391
54417
8400
35145
33307
9213
75580
6149
68887
60863
89107
9219
27797
70763
70843
31205
14629
39375
31156
56715
51365
41431
16446
28811
7733
3130
41849
22659
5179
36684
8667
16372
49646
2064
56548
11355
37119
38764
3477
23650
58159
9961
75585
75303
84406
20108
85138
69280
63647
29390
23826
8337
58748
89527
31996
55769
5598
74015
16067
15574
25246
54440
59791
37790
10530
42008
35813
14406
21947
26814
7166
52084
1065
35129
94825
81378
20504
43402
49273
71169
17852
60440
11461
45368
69366
56589
95853
37711
51463
36180
10214
37865
48010
64706
20605
4697
9125
96468
4268
37456
90577
64050
8981
10361
5821
81017
45301
35249
70332
21876
95833
55681
20134
69838
88109
97614
81287
80239
83427
65941
88407
34191
14379
22142
84726
29525
47523
64428
17365
53118
51224
22631
69515
93896
50331
99781
88093
33086
72500
40301
22733
4251
13855
4925
56961
36598
41496
39052
59776
93058
10500
89268
20296
77123
31467
88935
57954
46190
29626
88128
22277
17041
42194
93589
67889
21205
38322
73432
59725
66352
76450
2410
33587
32886
87730
25242
28862
64833
40844
82478
62647
43662
9064
557
65685
79299
11508
15569
97459
55549
15254
89029
40482
19071
82500
19958
68107
9853
89550
51558
39572
3958
10554
71490
37889
67799
55220
45043
42341
58397
69747
69834
4783
28746
29274
47513
44583
47565
48147
42491
22839
69338
746
51313
50242
20023
44937
63199
86444
33137
87428
19702
46773
57024
40527
73640
92195
6316
79097
72756
95694
87423
86672
55739
51921
76342
8619
19157
60996
64482
52474
27674
82769
32057
65860
78125
71849
23458
78933
29879
87626
55161
6481
72977
41472
25879
89645
47614
71853
86083
71219
16087
68759
92341
33563
44888
17108
7738
92481
66141
67202
17494
60039
86609
21034
69230
48143
83507
69166
79187
1646
5234
46366
27935
70975
18323
28488
49826
66696
8109
59486
77381
51629
65107
43835
6840
20864
5257
21299
79900
47472
29529
53616
33261
65463
86420
53561
58721
95178
52235
16906
34467
2421
35297
99796
21389
17486
97717
98891
83940
85861
49583
89680
93789
15038
62519
47506
5406
56368
3776
13256
10951
77243
13742
25757
98365
55644
60858
81032
20028
74726
56110
27423
58587
68764
25725
66004
80716
74961
72374
41876
42384
2056
66878
63627
64885
50673
56328
86597
25865
17839
52462
15238
54060
82122
39512
81166
58361
32974
43698
83460
22492
6294
3980
89494
99859
80365
10015
63061
61763
86356
25053
76000
69617
10286
3501
15692
74713
58873
49030
43256
1632
41236
10703
5246
33452
62357
92850
48369
95580
52330
70878
78434
2512
77844
90348
7201
29821
32735
17537
91748
86207
88337
73074
99440
96470
26365
98425
11265
2799
28471
6224
7616
56336
69359
81545
22682
70151
78030
45980
87569
86879
29406
32478
22073
12415
42781
14981
99409
75444
95895
16629
82069
81799
62819
70474
96010
46876
28228
5876
57088
7260
75088
19056
48295
16082
44970
80997
36838
14841
54053
47969
89022
50315
89116
6318
971
43791
23828
66528
15171
30876
75714
2726
83588
42934
99789
21429
84814
22890
20021
8563
91461
42977
821
43333
5276
99224
46575
51662
80002
99441
87058
79049
12266
16066
6189
99743
255
42952
56394
89492
9883
20978
97297
46750
62795
20471
38431
14717
64654
15190
99740
41381
20260
35272
9376
65004
34356
59048
43574
6542
27444
6372
93103
4224
59930
37032
80521
29359
45651
9587
69352
77433
22860
3177
77924
20666
11536
76707
75367
1281
3730
86910
40442
64736
40042
64832
35361
78900
91223
20993
51363
4522
1990
60326
66131
45350
52793
4656
64258
76616
7013
32310
58980
85661
96159
