96104
8907
12722
49516
80353
88497
2484
61921
48972
18208
76796
49276
77702
52438
51455
94491
33675
4899
26449
62520
22974
89399
91147
91122
24735
55943
5597
35916
26265
11685
68955
42973
88296
57691
48299
2612
17614
60232
77982
87216
50557
23056
82066
48208
85147
7458
89004
21104
95549
31895
81568
69557
53231
74155
19277
5553
27458
39810
96342
22262
73416
35070
18658
4531
119
9140
92482
78450
1894
11410
31828
86306
74622
61816
52401
27986
2360
73983
33533
67865
89833
55051
58527
15323
84971
68201
63818
84317
41820
85038
79511
81759
77499
22296
10829
20350
63660
4000
51416
13280
37502
71533
91587
32011
74823
83393
10288
68173
55100
16192
34387
35766
70196
30081
36574
46431
36258
14047
69711
71074
16642
67008
19039
12793
10048
70611
55167
71421
21544
10632
73724
15226
97105
63023
8674
29507
16900
59867
83036
17315
65686
25039
26626
54457
27494
69132
5166
49757
48752
89239
21252
88253
25311
96253
96166
8276
72523
60554
3163
15612
49754
37033
76585
6158
32920
49983
64632
23004
93101
89352
74939
1632
59878
83800
22951
54627
83657
66655
30642
69936
58385
26512
31152
81543
50056
23441
98825
92657
23136
61370
72479
91678
27098
3735
85916
25601
56405
429
91348
45826
13328
15942
77802
43228
96432
64082
20314
61616
36900
78308
66703
68967
78479
25367
91649
78371
48716
74428
68714
82717
76246
77980
55516
97011
96554
42818
84924
45000
29025
59477
71801
54900
70986
91430
5138
19630
38658
33207
9576
24091
43641
97811
44045
48099
83451
83543
78890
21581
73573
42545
62695
26602
45176
4257
2459
7809
39419
2906
75305
95647
661
56323
35944
73039
83541
38584
52141
79336
97682
48499
52942
57548
84609
25967
19971
75713
94314
5779
78517
39281
13647
77703
71367
98521
63229
99210
92055
45393
32716
76088
69313
86124
4846
91158
18857
56820
79247
29332
86125
89602
71620
44159
73404
35131
87823
78041
19835
93043
7572
7341
66830
85700
68058
33676
85548
79106
23138
40848
18883
94674
34690
60462
25908
675
37731
67544
38515
1454
34713
82397
18930
89199
73591
77861
90695
36684
66371
54036
78718
61636
77400
73859
26354
18555
81666
89575
77462
46160
7270
70850
35042
9071
51804
13044
73838
96042
30391
7952
71945
18720
51339
80925
19613
95397
32983
45200
83962
99878
50177
32732
90051
27453
40948
67767
29357
26165
42444
29769
38148
65480
8047
37642
32528
84765
93200
96279
35189
21425
47168
93455
65912
16965
99901
15200
16000
74604
41507
50550
1826
15807
26124
79015
87969
62418
1377
83949
87048
34148
13051
64072
83933
18824
69104
38993
65415
97625
50801
94526
27814
69463
79209
55455
74192
23258
70789
72369
85534
71053
69319
72770
66785
30812
13308
5221
22195
5762
58395
22567
73996
85966
77219
95154
61975
24322
27668
56386
73335
62000
11382
30832
21514
84955
89422
2538
11660
15912
98536
97698
31414
67155
51776
55868
5975
5261
19952
92786
55447
58363
16285
66569
35128
95029
9649
83685
73852
50341
88301
93666
54477
60099
87888
23047
70546
74745
61174
55213
78355
34976
4609
89486
60955
85812
72941
47222
71257
60949
34285
61936
89137
29387
46365
67071
21087
94492
70282
88696
63794
24819
24804
42627
6920
86167
21351
11205
57468
40918
72452
30648
52164
9674
66501
33051
85145
70999
13671
35945
79878
33699
12329
1189
76500
9638
8567
28110
31872
40915
22624
95399
42885
61473
76074
8851
25320
28308
1938
79739
16656
1389
25925
96230
83319
31255
70197
89315
33539
11044
30160
83333
78599
63013
73642
89977
45332
26881
95913
3010
38962
12262
21142
61518
43238
97181
87135
18806
36964
96608
16325
93058
6815
35429
70429
5988
86661
4575
94143
76513
56251
31219
22222
58002
64774
95401
45217
81945
92318
28948
51226
85324
17396
8139
63839
64108
41022
23655
35664
94719
89127
50643
19475
74735
21759
87152
4839
69894
95767
28477
48497
90831
87951
14259
68781
10423
74002
91947
81833
50005
68147
40507
83163
24823
80030
5015
72310
83381
31187
86225
17427
16088
11794
44356
37094
89081
65341
81537
31249
27335
66642
47819
2133
15685
51906
4201
54266
97915
14890
48423
52040
47124
49980
48634
92934
85341
99040
93498
33991
96320
46591
99511
7983
90605
58931
66815
70132
42881
14056
20111
37522
55193
74532
25693
60061
42386
29697
97461
5175
47345
33479
76602
72440
9655
81346
33229
94757
26682
59676
75558
98195
75018
27747
59950
21072
91196
22138
15499
79968
753
60951
19809
3413
44732
71556
16561
87411
92214
49132
33
56013
9131
97203
60762
46861
49358
97719
60621
36499
61214
44119
50088
8378
97871
32131
65424
35460
12371
60873
10030
38036
71215
22655
35341
97935
87284
50374
22467
46115
88478
52795
75819
13178
65898
49407
22754
71747
31788
39526
75338
40435
34077
40154
40073
92240
62030
19215
10584
51727
23401
16657
18841
55622
94773
59064
59142
8727
21605
72787
85795
2082
42005
1975
50729
29836
62187
98439
49848
27007
68031
21620
23114
64756
80768
2222
50977
75408
10971
41999
72755
40906
49900
16280
38385
93246
79690
80379
18778
34819
17435
91316
56699
24938
78353
89626
76439
27388
9302
79136
44796
53398
5339
8812
71947
73461
91276
75196
84956
63139
613
61920
81655
27870
68943
64800
4950
26641
52203
6840
59273
32673
87667
23543
2020
19704
14528
80013
73947
44404
72175
40537
22581
47571
23446
856
85121
99737
3686
48285
77695
77992
11756
97431
19672
55803
64831
3919
6108
63353
56113
52414
13978
79925
56926
3323
96892
98389
10962
87506
81686
1011
22178
52772
4583
70349
56232
70087
65281
88206
12796
77180
27476
84307
73935
62304
74912
32109
12697
12940
94029
91985
28419
28916
7871
14869
66275
49416
93702
81776
60766
4634
49022
97436
81952
33060
12082
11821
32036
65618
7744
75525
86005
74426
53693
66378
67300
747
28781
15202
56669
4233
7042
62602
16028
97848
37876
14582
65586
65628
12015
12118
23050
37126
628
44816
60444
80035
69948
76990
40392
18302
10403
50691
39730
36595
41250
36887
51326
33836
21523
61821
22339
2487
34573
8906
78520
28088
82936
82561
89890
66393
5637
16125
73044
56482
57504
58832
15819
3061
42648
80209
13503
64023
82771
87807
5500
43770
49940
99507
18018
54601
67649
91658
37601
15516
24844
26266
581
79828
59220
66585
92894
26793
96873
88934
5322
60899
32681
58419
27137
59270
21658
28082
10447
64244
81530
62658
27739
436
66697
24884
78817
3518
33830
18009
65837
69964
57291
86810
80627
41280
72838
84318
37907
42052
33361
39056
52333
8301
30032
12601
21547
55104
2046
95015
89210
25267
1065
51797
23521
92798
81013
25637
46877
24054
36721
77424
37529
21058
48189
41659
61241
21349
55893
35894
26850
89075
15402
85871
23840
11896
45329
64649
98183
27122
78184
62404
44930
83334
3592
31400
7674
49038
6706
47158
41701
84203
4135
79496
61433
54398
17442
39986
37685
24274
66079
91854
23497
75509
91227
11240
48255
18459
47939
65518
97042
44425
57926
64616
14519
6425
9164
42327
89426
66972
52211
84970
82517
79960
75705
78143
60595
77098
14993
32577
97708
91448
36632
8444
4227
77011
46051
34653
12291
38736
95896
76085
12926
90956
36724
4659
43301
86451
35011
6222
77049
70025
14619
86530
27515
74591
74976
35777
29894
58415
3419
78832
35332
13304
85718
90258
1035
91066
36755
22404
66509
60053
69525
48483
85750
13200
31124
77485
35506
25768
43678
69636
40134
31468
31920
77199
94065
90573
8046
51445
87263
33153
96256
66245
58775
89782
94134
89427
93359
91482
62073
57694
12507
17701
35604
72650
53520
18823
26410
43672
79434
12236
9099
14726
37497
15593
27525
66511
26457
15345
75449
64648
59587
71985
49198
70918
34421
54118
96241
13695
1853
56116
54371
33519
64575
25402
98621
40013
65406
20110
16902
91564
70131
44679
95652
97514
3962
22120
71229
87669
15127
88923
49845
87409
28261
85289
74459
87401
93531
42562
94883
25582
72608
47880
2761
32957
60052
40416
35419
62779
55355
70676
84703
97909
77186
26672
69872
98996
52949
5808
82183
71830
43462
19098
47317
11632
3678
35066
61555
18616
75554
21966
52521
4326
27726
81285
27767
61187
97032
17785
77275
65305
67601
26644
18243
28281
25585
53293
43392
23485
27149
41900
87237
65292
75571
99178
62873
56431
83227
41605
6089
20728
73107
30069
59271
19445
75013
20121
78981
4752
47294
18543
75772
91676
32316
81705
13055
35576
92522
18133
1169
87565
8660
85252
75433
1859
79288
50475
96269
50169
29994
3656
63760
59458
48536
88324
42570
2019
57819
88869
15251
96822
50537
38746
997
12334
77800
68579
10090
63987
62730
96634
80369
75760
70436
57381
64943
38267
14231
72913
41699
58507
9128
45641
93865
37883
67889
64231
7459
60078
12175
28801
51376
76784
32519
72911
34218
65128
66768
64238
46987
76838
87303
85558
37296
84648
28547
9433
46852
73125
26636
18992
9469
51407
93462
11912
2658
48296
70733
676
39110
99599
59761
99287
12875
71891
63653
6852
75566
43609
32346
15870
70631
73948
27679
31368
91243
98119
89493
92389
98159
18117
48612
14159
1319
22572
82123
46774
42176
53685
67114
77819
23540
23237
40759
54850
38958
31081
16984
59650
33443
17776
36911
1587
48034
1932
74144
99386
47933
50250
35553
14612
80745
7339
64762
68590
23440
26118
5125
40862
54763
97217
45742
95806
13204
7299
10373
56832
10472
20129
14165
29859
69116
35113
75698
33498
38935
16294
21175
15068
39251
9874
22684
33948
61539
61958
93475
2904
50301
61772
35973
59048
31473
67356
95328
60122
93590
9120
37166
87075
47333
51384
28816
78172
41434
44163
89891
1854
77676
39884
59531
25290
56051
18321
88399
60403
34880
86367
18754
36515
80238
28391
22785
6725
52640
72419
73757
20565
99198
30327
51483
71511
70297
82608
90458
78612
91236
98571
20031
57590
57715
29821
55762
67579
22247
77396
88456
69147
5982
5021
15567
70537
711
3673
52734
79894
74556
20872
31706
51101
4990
33916
3084
10600
30165
65114
35375
64337
67463
85236
63314
98518
64836
33482
82690
36175
4097
92183
20626
61852
67251
42513
26203
21143
10992
24519
10086
26069
84126
46616
71352
63041
70724
24802
78064
7665
46661
23842
29696
81290
58911
23233
99144
8061
44379
26860
47776
4429
73690
99181
71099
83952
71857
44452
75365
69955
780
99840
29316
49634
24806
3740
52016
7645
69454
68124
83420
59890
12292
47433
68106
81371
15677
71318
13302
13346
39188
40405
67213
61640
3142
46500
78417
40354
59561
90943
87376
76875
89320
12710
87052
93343
32758
61824
19976
28024
62948
58817
72702
90013
45390
96351
67739
98251
15039
89431
39443
19375
96671
82609
21507
69325
69263
70345
21253
63319
41480
81142
68643
17096
98373
10044
64912
98187
8463
40164
63869
13014
31432
32056
63302
62295
67554
19686
93604
11488
41140
14788
62483
98643
74407
56188
33270
65577
62637
52341
8505
71950
25326
25555
98109
52824
79959
95485
92329
1190
40610
39230
92475
95947
8833
33517
26696
49954
23645
14036
45284
66580
29675
98403
83914
65086
99555
53646
84917
38676
190
25552
97683
95287
47047
30232
12305
58975
42509
51414
19510
9306
54573
17443
99556
37688
69030
82155
94799
38341
7199
40812
99713
47211
84897
21938
9565
2404
72149
89136
21448
57861
73293
89648
30907
17894
10665
87705
56728
85685
69554
85959
99725
40103
96806
99197
69273
27261
57036
88915
40398
13279
41709
29337
43510
5992
77556
99443
10855
53206
8486
54772
82678
23563
65666
33282
72197
74178
81104
48523
76301
59817
26473
65016
84876
64157
75168
82031
18080
16726
80691
92530
14059
42503
64137
21934
29800
6684
57732
21327
64092
43213
32600
76653
45102
70422
57148
87334
27209
76619
79259
30985
99646
80285
100057
33130
24922
24720
79617
84811
32208
4936
86193
14977
9665
22300
77123
69563
19032
44575
49107
66913
14093
81131
52831
72655
81931
66399
90884
40188
54387
30405
47800
31582
73465
29438
4226
828
98114
10499
15260
75856
76270
16041
79177
37112
55597
52812
32547
84555
19652
30323
73668
68953
91547
30455
54756
1456
90457
98550
56979
22251
12746
28845
37662
50292
43775
78503
79549
87121
98101
9293
20932
17866
31592
20234
79948
25583
36221
94515
38327
77791
35969
9883
74489
4210
31878
25986
95796
84077
63863
81685
37221
86406
4401
7961
12612
71794
10274
90208
21550
14526
92179
9880
92702
40549
83613
86294
56743
98990
82828
60779
85670
36642
36696
30030
49476
7787
21619
15337
29975
65139
5033
78957
92787
70332
55225
25317
40093
73722
64890
66486
97819
85143
55591
58243
31896
40709
98563
10385
99854
77587
70716
35617
61260
55507
26036
73514
56215
6209
18079
2033
46743
39158
62316
54995
24404
46882
99377
33651
37997
40390
46035
38106
50436
58605
10267
38543
85072
97684
54774
38858
19821
30796
38444
30049
8484
79204
52663
33809
53727
47649
5962
77323
198
87936
68212
48869
41224
71191
59811
72270
69200
43402
77365
15688
8044
11203
49397
18065
53564
72336
81512
3841
7962
17051
20002
7399
20506
9979
11161
34447
52658
22202
33663
51156
94078
28149
1867
78859
6027
45984
65646
24015
5471
54023
83478
47818
96213
5827
82535
17823
21278
88645
55032
42736
14599
69673
13457
19139
30435
58469
23673
56121
33247
2485
52770
16144
44871
14622
48675
68357
22255
31481
5774
27436
44109
49952
81335
74174
94976
14748
8050
75184
43726
84
61137
37580
67237
24039
84037
26183
71559
98306
4200
25600
8304
37858
83616
58657
60883
11942
86033
60544
87810
97692
97765
38631
44270
4785
79972
35717
81962
36659
97598
42059
875
57362
43310
22452
86243
20250
80363
16521
8723
52332
99843
30702
65729
74453
25594
4145
75340
8140
36779
63959
35012
54608
38872
46350
78984
48722
97475
71072
18512
27781
52513
79039
73484
18347
92012
13327
13758
60194
66454
10206
43174
11503
39403
67972
8923
46027
98257
88977
59429
5792
98226
70545
56383
27925
64356
57147
14824
78820
79531
30715
25390
2921
62003
90273
30612
72524
95208
93875
91450
91786
765
75757
59242
85604
40593
39109
65224
40743
36043
4369
13166
26591
56119
58956
80550
3937
50046
73020
58759
43030
34385
91497
28894
78865
97248
38751
24433
63336
14178
36707
97807
536
53265
1480
52343
82082
8152
43771
8728
81949
48056
3528
48755
82428
7297
27197
9846
80737
31243
37991
82839
41137
6531
91023
82860
99848
85415
48242
44303
96338
22200
81935
10411
78943
35289
8022
89067
98878
55310
24087
53281
3020
22609
96894
94815
64830
89781
7212
64325
73994
16878
31889
48677
71100
36802
24395
31445
98592
58913
3195
53849
72282
46967
94189
36853
44359
2937
38573
25865
74879
26396
7231
12939
1318
43506
95490
23561
43949
52335
75179
52725
27962
33097
1477
6214
37592
46488
95860
81979
37576
58794
35520
57816
32620
29283
20125
78257
738
99715
60706
43281
35892
57727
9413
90153
32782
56400
54370
89384
25980
80138
21177
39682
20192
11331
9594
47577
56989
87753
91300
80123
86782
41186
87264
99334
64246
84325
2129
31583
45023
32648
69127
26743
30411
11989
8120
27998
23182
31340
44554
48282
6811
63344
63406
9222
21553
86951
99453
22313
26920
17099
73777
61458
70763
93965
89165
72521
32684
90131
31394
85154
47804
49791
44514
85965
11266
16575
21195
89992
32205
55022
8670
28462
98180
21235
99078
62303
71470
72900
9669
87611
6331
65491
86141
9765
3049
18183
38710
26190
49475
50868
51005
62216
75149
47499
91875
72071
83629
19479
45188
8223
75879
22589
82940
77383
66936
34826
75093
42581
67342
616
6792
28807
74541
55135
6820
14641
33510
6899
97571
35448
66688
14676
52580
46489
75500
5707
38670
71388
25305
49914
47078
91664
84965
89706
17379
16643
45011
24465
23915
48663
47062
92630
65353
48251
33506
66497
43156
21120
95515
49557
34168
48272
33644
26776
43512
19251
58086
41935
50962
85599
31643
92665
29712
89755
53364
81381
61195
24927
33806
22468
90042
11424
34873
56772
69287
66548
4322
27175
79751
23787
76358
35531
83345
81338
87916
3175
71218
45700
41117
59622
21905
85764
69421
12599
57777
69268
93691
5437
3398
7927
70838
80214
89260
5310
82194
19005
10046
4067
80562
13556
83141
3984
22145
80673
29473
77166
99105
32305
84686
87120
21264
35632
75913
92574
56248
40955
67615
49282
29792
56261
21716
43378
69743
31055
22242
58278
53115
45237
43259
21978
77612
91261
22748
35328
9351
32896
26168
47502
88766
52146
41239
73769
60744
16947
23078
31576
50990
15827
39788
5188
22948
46492
62424
35109
99224
58443
50928
12945
72514
68013
2536
82365
11047
21816
29510
97881
93917
69865
14786
92698
30349
20320
188
93780
55208
39388
14753
78821
3440
4678
72462
99452
25916
15561
49994
64474
17928
88926
91689
64366
48280
42558
13983
58620
53186
35221
2549
13454
33748
80286
14431
79812
21735
6707
55036
26475
93617
25215
73760
72859
70022
42302
83600
18362
59820
51814
74898
12153
70612
7638
40468
7181
86996
77447
79900
35920
26281
49663
59455
27055
56541
34816
38152
47129
27837
56010
83987
64046
13591
53628
89371
22654
71526
5480
82437
78302
35352
28747
31772
60399
64291
64489
63543
55869
80950
17741
83212
63526
56374
42385
41897
68015
55979
39717
61136
72221
76109
95461
23913
80943
98309
35008
60384
67955
9283
85659
54234
94571
82812
41921
67500
45901
25576
26401
80447
68957
87891
82850
32727
67828
13923
72724
73770
10818
56808
37908
90186
59777
5028
53332
46401
85767
3408
22782
59241
89893
65567
74725
55911
90563
94290
37195
46886
30427
5066
77375
99782
81204
35316
90782
25561
49319
95834
57959
88808
14339
98646
55527
40708
76191
18602
11154
49974
10781
46126
34736
10843
39052
5420
80023
96783
74717
32390
46857
82939
99079
42933
49240
61036
31262
29608
14276
75071
63254
23116
65028
76769
11764
55962
82995
48448
37536
81738
77078
36418
32371
6180
1824
31547
87919
96247
62957
88017
72235
3688
49007
72824
46536
58298
79018
82418
64460
39089
94214
12772
71311
35745
22712
85181
11502
37138
83559
83926
51167
36483
4308
22365
36249
46052
85110
83670
23648
32389
23854
74672
3940
6550
40638
25592
91102
3361
75155
49197
6976
88410
45929
93012
19778
88164
59629
81169
85301
62069
51986
14021
16465
93730
20359
91520
46885
75781
50563
39033
11320
41703
47839
19607
61751
28867
73794
1213
55059
44388
84693
40157
93040
91138
44836
48234
15761
71065
20247
11058
80362
37438
3825
95621
21683
41447
39318
49993
33451
19917
27318
31821
77080
40554
49961
15788
41013
19075
24830
41423
45126
59239
82920
91494
17382
39141
41512
49472
55933
88446
51752
30609
30183
32903
55082
37812
99088
68469
81340
87997
63102
64475
60611
33623
52392
20791
25059
71330
75072
77115
74873
44155
44774
49082
57237
95071
81668
78779
31183
26374
17476
20580
15131
36305
40437
29806
71031
87297
56894
47629
26495
92819
11080
33592
16918
67793
82712
56210
43040
5169
820
3990
53717
21379
40194
97339
45613
2576
37347
56916
75931
61177
55365
4027
29934
55041
45606
90371
94633
91069
43053
73179
31971
9798
13341
72737
54597
20257
58676
15207
18781
41843
67953
36926
157
53999
47872
3277
36720
30639
75591
71991
22052
65973
58515
85380
23151
95611
20968
3645
96626
91973
57145
33231
14592
41740
93080
10856
84406
19366
44368
57588
13574
58253
73793
18901
98200
31723
74257
81214
42726
81343
39184
48380
25651
29752
14373
11048
6139
26847
71882
80299
71393
40076
66446
54213
42307
45389
36828
38015
47780
11684
85050
88269
68760
3859
9178
97892
96782
71456
56643
12954
3805
94479
54543
57369
35418
79231
46114
1399
64770
12208
45893
84585
3786
42500
28453
46782
29839
70662
80655
25660
31809
80029
68503
12383
60093
52467
10440
39149
88129
34971
90270
70414
91849
32619
71122
64397
34677
6685
93477
36437
19013
70623
88083
56457
92688
68946
33429
35889
72742
47133
6317
98736
79718
30168
21566
9942
31270
43447
44842
58712
27617
23920
88180
72494
94509
3471
54828
64932
78075
44266
22695
21852
89748
6979
95882
30104
85340
38940
73403
4547
47116
26832
66836
75696
99553
82966
62977
56939
15538
79683
46961
45769
80672
32907
8238
82713
87191
79495
58374
75456
55503
57599
21517
74319
92524
98437
4571
10341
9898
90788
23914
83479
72727
4457
34176
38740
26370
93547
87277
33745
88239
36716
26687
79793
58920
58200
18792
70619
41566
68981
92792
78786
91087
8051
13170
67314
13056
74761
66912
19846
55757
66391
83113
51015
28601
42611
23086
79725
70867
79186
93774
62117
51718
34367
78678
93225
104
19840
68276
77514
18499
50463
6794
594
15821
41920
58283
50080
33258
50207
75676
15437
22805
73364
54122
16278
36369
3541
54256
5457
76639
29536
18963
68768
72180
32276
70060
94162
5791
83736
2027
34521
21538
76511
78061
181
76428
37143
32345
12090
53155
20382
57911
26255
8925
30929
91898
7
29051
81157
21145
67728
57945
38881
59084
66395
9333
17771
61204
6536
17246
75816
34400
97398
53345
99983
25132
46175
84668
1741
56570
76552
7530
61112
35856
82001
52931
77084
6727
45999
47503
99551
90680
88191
59875
58057
8205
63436
96153
77531
58598
40371
53898
74774
86008
15925
63218
65075
58635
11050
88945
95379
23785
27731
54541
97448
22668
8984
60772
28162
16115
69411
52665
97724
7625
22566
73081
93563
64207
7221
11244
45088
63744
52616
12869
15241
62790
21758
35269
15
71273
92656
53964
39214
28231
52539
13023
74454
28235
98835
91777
44362
65020
32038
58998
71123
496
15261
74663
49626
62233
52223
22916
9513
24700
84305
92432
47065
75098
69938
69515
14285
29085
45550
38038
74315
51976
51256
5799
60948
50881
40626
7843
53217
25515
51205
83410
4423
20127
906
81212
35495
50658
95095
15710
33665
28971
69381
44699
39224
33015
61956
12728
31736
16408
31331
97485
36416
49434
69368
30488
70671
49352
30353
44638
22393
3961
52025
33763
44396
13230
7374
82647
55137
52531
29320
76586
42391
91257
54822
48575
89275
71491
63954
80490
60905
56804
50019
66105
68790
43668
37781
85474
5994
53921
97137
43904
18782
19983
72987
84528
18446
33860
5134
15310
13649
7590
87503
5376
18544
99053
18965
99996
45799
25177
82606
11879
64858
52709
88003
84846
8395
62278
10120
67335
67325
80406
68465
50
85519
72539
72738
41059
68142
39449
58421
67840
66787
38350
30084
99121
40376
21649
85849
48672
22401
44956
57223
12483
95665
99580
29594
99866
41078
93150
61504
91367
31497
56723
84435
81220
77752
11438
22241
61283
28383
38187
16905
48398
63404
85751
99459
2162
67774
38574
66491
41888
34473
29286
43456
59966
49234
560
67832
25744
79843
22597
59638
68559
65200
41080
90952
53176
81222
6923
58297
61480
10404
28032
49118
45574
73131
10146
5889
47765
61451
80649
79750
85892
68111
41996
6357
13363
99733
18593
95344
10244
67884
3870
20078
40319
2066
57354
8831
24621
5162
14322
15974
71918
50872
4451
69981
38483
62927
14648
84521
54034
91765
7025
52451
51217
67698
91256
12172
54272
65536
39338
90325
67100
30249
73472
61891
72837
2745
79423
9521
26155
28692
22817
54795
6662
24965
98338
16149
51229
62384
31018
57016
42417
55829
24048
31750
15253
81533
52644
78858
37867
78146
47564
30282
50094
52270
47181
66482
95115
41789
85441
20687
299
80510
28459
65297
41750
24259
99107
5434
23653
43832
77758
57331
17098
83848
26303
73725
72695
24137
2598
17941
13586
50772
52481
50823
14278
34404
71267
85773
5752
86103
35014
35168
16659
15552
61100
71743
1529
43789
19628
76921
48324
29143
76295
64812
15405
76965
43516
78445
95496
11327
55746
61257
23362
42732
24725
95427
40979
98975
89756
31650
57374
82680
54745
6243
70551
78409
37509
34101
95278
85807
40365
26080
66552
66889
63458
8868
13667
21070
49015
47236
23458
21032
30528
34815
17068
10171
81006
71696
14413
48607
4885
78964
36949
48899
74824
6641
28002
59796
23829
28510
31585
67059
24474
87128
20009
3097
97981
53549
39095
43087
37676
14075
50884
47837
48396
73873
42349
4059
72626
68684
14409
89497
13672
48597
99295
9628
77990
21850
36581
186
88898
32913
20160
36919
94342
82062
16994
96101
31573
87498
51633
12559
78995
58658
97201
23306
57128
78781
80113
80539
37371
72710
86240
94965
82657
53042
1765
22139
35257
17496
28663
98520
10691
61074
74327
33426
58080
57979
77236
52411
96916
86140
29272
60475
69979
28599
30755
51629
9155
9449
84904
34538
80469
33211
47865
97337
8436
46911
79011
4650
56416
17012
42077
25108
79317
18319
67504
51979
44852
19703
90683
46154
22978
54165
32568
5000
24248
85897
68939
84293
39583
42665
9953
80330
14189
54421
7473
54427
89717
60443
5060
26909
83829
78248
19228
91629
26014
44559
60994
9681
76606
98346
95695
67281
33770
25118
61231
94480
38311
95245
43543
83497
67998
43282
6432
92721
99834
22803
92270
55227
334
90152
64370
93370
3918
49524
85495
99009
42401
19329
2631
47945
60492
1384
6232
67761
36207
68020
47454
53785
17834
75818
76082
12218
57895
78144
33071
44486
85672
72439
97154
57518
6413
12838
37778
8605
28839
70897
74651
49427
56719
76236
59607
62132
93402
46786
68042
36330
42146
14302
67217
57962
4140
80912
68882
4325
33138
60900
61129
34502
61033
83473
43650
5839
38903
16337
51512
18186
19284
57624
8197
64012
40330
99804
69780
29742
9017
1534
49812
98339
83880
94293
79867
52787
93229
73406
43267
41758
96359
32023
8252
44393
14213
18645
83597
52191
33543
21594
73969
63695
12278
63407
40111
72408
13396
98288
38715
81955
10399
64030
7651
70396
1582
8492
89921
34869
60271
88841
91665
45829
23753
68240
89994
37511
89679
24280
7502
94090
88620
25863
22135
58613
96897
69345
49496
26258
882
13097
65209
88678
39307
11271
5417
26483
36819
76824
96138
99099
10922
79681
99338
1442
28379
27892
22470
417
99966
95288
98138
95620
59380
24310
61262
78224
54547
48244
34112
95643
4805
64589
55543
34730
19673
29965
78604
16084
50068
19274
23315
27862
4197
51311
88631
33192
66423
5333
61250
75714
82317
70130
28647
36056
41791
27863
97113
58360
31498
95641
94940
83871
39408
24352
17999
11427
14762
2936
44040
85418
7390
49568
46617
65532
9579
42505
82724
80139
63318
51610
43200
8956
91691
6741
41540
28953
51179
60986
8412
86311
39379
77757
59551
19347
14454
65903
70206
12903
80719
87192
81731
42514
72850
1670
49671
9255
25019
86611
36590
56852
56966
36486
21140
33477
6198
25596
10518
3173
62300
40290
83532
96540
54725
33555
56453
61135
92734
99081
94117
73723
82161
46312
58368
32911
92060
45721
7213
20761
58441
24335
38994
99525
48018
99252
1527
6559
23174
59435
91002
91724
69094
98899
92185
26684
4728
61207
14665
8193
41607
43630
98949
63764
82050
74813
24221
63189
80743
58921
49760
78906
90402
55320
27513
76997
34485
77042
43291
99167
19549
98773
86084
33434
41768
19140
10837
88010
79609
81572
82641
17815
42242
97265
82498
46930
30242
37629
61045
71589
76458
16862
46963
20118
44848
78961
80167
44510
52688
88445
72092
10682
22152
46129
59508
15802
27100
95520
50149
70153
69603
87982
19379
5464
71017
57064
22506
43958
36
70358
95092
54334
71150
49004
37301
21079
95093
3254
21787
9657
16391
62416
81727
53862
98165
9545
65032
87605
85001
87419
37583
41712
94997
89834
68574
4080
20706
97184
752
6682
19325
45736
33817
14745
97389
4128
15020
18289
3992
2334
90960
73479
88401
82768
70635
91794
94750
1783
4849
82901
35157
123
10583
99066
76753
21375
73186
43265
26268
86307
63161
14013
23517
6780
55360
20263
83885
38479
79943
93761
55726
10615
70208
37535
18581
13350
41817
72666
39239
6618
1525
4334
28810
3124
18428
18124
84938
92233
28393
38623
46386
33516
53990
77564
22065
71715
33560
18532
88604
10636
59942
27152
83729
33653
84722
80868
97429
18198
47841
78053
48522
22693
7047
34933
5163
20413
64922
16517
11420
79196
20379
84078
40645
7078
70518
42203
98727
58418
25771
7686
76571
32698
53212
31766
24684
17734
80939
13569
88517
47594
28158
81704
7870
68390
2781
43179
2639
56218
87134
68184
19560
41360
31915
33183
9750
4268
61716
6328
99358
27881
52441
35383
12415
5701
32117
49897
1137
53250
62973
90151
79116
30875
91164
94268
73959
92152
98451
76797
91306
80192
6318
14777
89446
73580
39828
93728
28052
33868
65745
2611
9607
74589
23743
35725
37755
59151
5529
96307
53940
92557
17584
31674
95662
77984
69398
2148
51151
58653
41677
60076
93111
79695
72721
72163
83785
31431
99120
17577
18448
41123
94006
52623
62792
89909
73143
4419
25517
51059
23744
99234
94345
76081
38312
47928
32745
35123
58446
50787
4718
75780
67087
3133
1682
32385
69710
24907
45470
66387
52263
4581
85177
69956
19271
60978
34351
21753
41668
99931
62540
65680
46823
53651
10395
93018
54326
30713
62599
26588
86370
26882
76892
31980
51832
12265
81033
22644
85366
28314
35019
52004
66246
83156
47031
48927
13248
47582
70808
80909
55519
63261
62486
51138
1942
30979
74919
28548
19891
30297
74292
72779
84643
23053
56875
22092
29335
56136
7527
178
56670
67497
99149
83175
12665
46187
27443
17159
67169
75284
57298
86374
80658
32978
27613
28648
38259
85736
34818
75306
86186
29100
50396
60254
91627
72155
1958
84343
4316
57130
80530
95986
13677
21456
10312
45085
57443
96629
60465
32831
79444
15158
75116
33491
40316
1647
18763
18100
89293
28678
96832
82309
4528
43761
67310
5559
44249
85945
95114
40661
26075
65083
78464
48359
65404
45424
300
59696
57438
26035
46002
44213
88787
9547
9493
4942
59181
62021
34766
65394
29995
7111
83583
36750
99069
94683
69822
42328
9927
54005
29621
88971
32330
21976
1912
80382
24393
79267
1380
99935
31633
87953
25952
33670
38854
35763
89771
55065
86975
10379
72449
10259
92098
59281
30735
23677
43863
72528
88830
97775
38084
63807
57055
9662
90632
128
63101
38223
42183
13034
33746
70742
9325
87283
45439
34989
66672
76181
69413
83454
99355
83865
60239
92457
99761
93889
70948
32702
57446
38142
98220
25643
85113
32329
24809
2346
96609
86787
83071
15060
97037
53446
79076
206
96721
62813
35141
76690
39464
91449
56243
40887
9353
12733
58052
41989
97928
95553
25204
59636
58147
56484
42783
30379
82577
14170
53965
80047
58282
4490
76024
15971
85111
52110
2032
69797
25172
36428
85617
14108
65643
77419
47891
76952
26060
8845
93511
6651
87865
91139
87831
17956
70880
63633
73294
59149
35427
7000
24464
29038
31730
30590
86353
2382
88280
5223
30607
48865
89643
37334
90077
83808
18008
43326
55189
7051
22013
72295
13463
25946
18807
96215
34759
88080
54454
98399
56158
17903
9405
75135
16215
79980
79392
46308
68842
18099
38310
58743
64467
6571
58941
2670
84268
96673
17684
92806
36922
48102
32078
89592
90398
29931
36209
78605
10383
55771
35977
70392
94062
91357
85060
19310
78251
73488
44962
98219
77599
70984
938
16782
18764
88957
51021
17541
40532
86289
47936
43610
13533
76200
66071
62457
71137
4187
88469
73232
75759
76814
43852
49372
42768
30606
10961
8885
68351
94028
86613
34562
21828
23270
48516
82213
82063
78161
60224
4079
59444
45451
23017
69224
54842
55430
64422
68706
33339
31554
12138
13057
18329
71068
91489
13390
31937
14658
20567
29735
72905
81211
35897
48167
23615
97653
31182
14988
63475
54190
5020
80064
92562
29763
96879
95422
74169
35647
2349
61665
52645
47596
76971
45136
41328
18554
16927
77699
48003
70598
68568
53219
23781
6005
6710
42900
59633
80840
2523
54862
31566
14721
86165
84300
48993
6660
65421
26858
35592
11096
93368
95946
71588
14328
53713
14810
95274
5772
87479
3636
29623
64741
27083
66408
93961
17683
85699
41440
969
81951
14166
78806
75031
88360
83348
44801
41345
89046
33216
30895
34561
85941
11726
12094
93314
7585
30394
16490
84340
54698
78029
44758
51702
86417
50646
9331
19998
57801
34862
46138
40011
49258
73850
93103
1850
28172
42572
97734
78646
89279
49813
3500
91137
31491
53148
41993
14551
78299
76408
7468
41975
17225
56863
58588
78768
54377
71014
64926
57140
72628
3905
44640
63522
15715
55267
86867
37591
16324
17773
92161
85755
40424
88171
2241
54230
33129
32701
93141
46384
14555
49469
57092
51048
4296
353
77054
81576
38628
34719
76526
8132
65823
96699
1343
94379
76296
61516
7431
18361
1863
53579
98345
30826
60907
46555
9504
73401
95650
91117
4711
37657
32374
17282
31463
38885
99863
99136
26517
63051
51050
9477
74706
25295
7816
50327
44463
26538
90075
22533
15537
55763
87073
27348
79125
34466
26901
33419
20500
58782
9031
42306
14616
11454
75261
61230
25080
82785
19788
60617
55312
13641
34688
31297
22450
37246
66630
795
74092
76259
74312
69021
24687
2214
60670
84061
59567
66852
8598
12019
69074
38229
56
10780
12956
95688
39627
15466
69257
42767
38960
31868
96637
64363
70760
84032
98969
87715
92664
14389
96148
21090
96964
73890
54042
57752
61043
22128
78833
39896
20328
32660
12551
53238
24020
25599
72592
77223
97667
16049
7912
21571
13797
99894
91733
13842
92315
81713
65624
23192
67769
17147
40806
79697
25348
80279
23466
30428
60137
25254
47927
86825
37661
64894
99636
70431
84259
66334
91438
63480
94477
56237
90947
52869
27849
99321
76211
50114
73138
64859
13699
90830
49953
98944
94711
10273
22031
43851
16991
62375
48303
10487
17557
66115
69371
18671
47287
25923
46148
49556
80306
90290
43560
65625
78838
36333
26327
33715
10491
69296
55471
94362
94559
78071
42548
44078
22774
3527
96807
37914
30159
40284
76604
65711
40079
61059
46585
43356
90416
16713
22532
7272
39060
39918
89008
22894
28426
56388
72561
46063
75134
31584
35825
17828
73847
32436
73775
93954
51201
42661
16
31039
53897
40919
77858
99150
49400
8026
43979
4746
16291
71409
42947
61826
73070
1247
70829
87718
62064
31076
55142
72258
89619
35135
38329
52124
38705
12355
27809
1188
9528
23562
22545
57742
82039
12227
37947
16347
47109
10778
6021
59114
5269
55617
74010
87286
97654
19022
239
34578
79355
22963
60867
87983
8281
24278
29429
45792
49084
59682
72534
11291
32219
35501
43808
32767
21841
36840
79668
37275
71788
3461
62366
98955
73249
74584
98103
73704
11111
16735
14493
61779
72484
13151
51333
84096
732
13258
55229
3395
8835
4424
39303
42066
54913
72437
52054
61736
7128
50930
47632
99032
10541
66158
8268
80455
92710
32583
57778
62885
3260
3393
52739
47609
1668
26471
56510
73934
40695
2086
97144
93258
19133
1353
22383
48947
82
16609
52712
87461
90734
16174
38021
74280
41690
83018
56120
18417
23843
79374
42841
62916
41943
83711
74207
80551
22570
24320
55044
34615
38257
31966
24201
53984
25503
22734
45363
7817
62459
79670
74503
58910
36020
46742
74310
10052
44322
66866
48213
32735
3233
38217
77277
19968
18568
73975
52075
35188
35492
64143
81805
4469
69693
85373
68699
90670
94331
82514
37816
48204
39754
50320
99861
9162
84405
50866
93015
44402
31532
15457
71010
20748
59596
74515
96915
2200
66839
46864
4235
73501
10402
70899
83429
90405
55850
27381
15415
89238
82046
95780
26491
83439
12338
50240
42351
5312
77903
78234
22165
20206
95589
38583
20690
11324
96397
34136
72915
87481
16604
95836
4088
74597
82212
70538
31026
608
85267
29847
20335
2555
77986
5780
97522
89757
60245
26619
54043
86203
92800
58412
83289
95434
1254
34055
10366
41487
36844
53919
11645
60987
5708
21171
86383
74624
36068
67172
15987
62706
48171
91233
59401
55073
15338
71208
39171
32630
67327
79903
44938
84104
71453
50322
53550
14608
89719
79304
38945
52538
44567
57080
69186
12611
70520
19944
59287
4249
29212
33384
33365
11425
37901
62932
67762
1489
89751
1308
55830
26202
57310
35245
36883
2481
88557
68467
10675
90964
29214
54892
34761
61672
91037
57844
35059
30336
56662
68363
81588
78867
96496
85370
72278
38559
57759
4895
44241
2909
65979
42532
35859
49817
62644
5757
49632
31362
42787
25417
22351
5037
26812
84829
90491
54588
59312
50726
7344
25872
14559
82380
67669
66173
80588
64543
52147
94013
59079
91610
16784
16461
59852
4190
5742
25578
56214
16625
91530
7191
36121
1861
40104
72660
57242
32294
40713
69009
98010
5925
79485
77140
18391
34608
87829
74035
84707
85034
98921
16822
90568
68741
95868
51321
50137
79816
85886
49913
33847
92671
27075
35735
20215
83199
16444
37218
72194
8512
72170
46081
57166
44419
46990
49159
5403
90056
25663
46348
38725
58559
53014
41265
28612
46290
57327
13487
44361
28431
93886
73149
98774
8778
23452
23286
46729
73738
64590
78316
4628
45864
99739
90482
14172
66864
28730
36859
99002
89188
28013
28336
461
94601
69880
29347
29401
30514
63088
60736
71689
63167
6123
65358
86031
84070
23610
1594
64045
494
93105
73329
3269
17488
20269
96928
9667
153
69990
14645
24178
34920
55074
95068
54439
40087
67664
2773
80877
14976
10045
61296
86342
86270
93904
21097
32986
2482
14041
3964
97387
27216
16203
84271
79035
41555
59131
34286
40406
35760
9694
42705
72876
59732
69725
93159
26666
29563
10324
66617
28375
29803
28580
96630
20804
11312
74607
5576
56432
37322
74888
32339
67752
62931
31180
18030
88847
63194
87193
55252
94108
64147
34638
45331
40858
46080
80421
95985
68543
31483
62019
8189
49440
80482
98353
64040
85860
8147
39908
2721
99064
89973
3971
98734
51615
70364
89840
85774
36764
840
60870
84510
85513
5508
48604
37668
30490
55281
19174
21205
96261
92128
39032
67788
85025
2006
19401
14686
20720
70190
52409
55651
24919
74274
30841
43631
85217
22174
61633
62629
30617
64007
68546
11190
82407
38215
82788
49443
1424
60493
98779
46229
8577
53817
41972
82200
69187
68062
78950
94774
89981
30335
69048
35814
26024
77138
137
86003
59111
23226
69128
93820
100048
36714
46
91228
95233
25507
25681
44765
27106
1433
19632
85092
17250
63064
14294
15712
77621
5123
50768
75348
45934
40160
55098
63752
51248
9122
87437
83728
46453
13776
36508
42615
30749
65279
20526
77814
63882
47660
11604
73855
90604
80754
50585
81383
78152
52979
77912
91325
75042
14610
11413
58151
34635
48261
78469
30366
42383
79294
3093
31524
82412
24941
41568
75312
41756
92100
68406
5114
27642
64314
61741
91855
2858
18607
47587
15904
4908
98265
52063
30829
24117
33159
75230
76700
26887
78065
37842
49422
65235
16740
95184
2318
68270
10963
331
58402
98453
22372
37190
24686
62680
5932
91555
73035
71666
57974
61227
98002
50048
42161
2146
53173
92309
50288
29748
97793
47981
1378
41287
355
53160
61644
5119
85653
4329
67227
47478
60455
50639
61154
55887
83428
16765
73356
27012
23430
27310
36758
8490
47663
57869
61130
46454
52966
36550
99154
39244
58266
11131
96332
33783
44829
74089
66719
24532
23428
83867
34647
46904
4612
55275
26511
25990
17150
61945
17100
65102
64736
24343
30019
91379
45321
68381
21263
90762
41426
1550
10567
21599
56785
13358
54967
12553
98363
40880
6208
98009
18138
42721
26002
1640
93796
42644
5776
28463
51105
69294
97772
3524
42194
75087
21991
66125
30320
91455
65450
36248
28913
99912
86569
16113
12606
38255
57388
37445
10794
32803
382
86001
86092
34801
35946
96456
68821
15385
53716
57420
97070
61108
28833
9563
17452
94566
23973
27803
57119
28635
524
66981
38541
92019
54464
51478
47972
39234
92737
1645
87854
98104
40100
51815
45774
10554
83671
84045
41133
12445
90478
82433
1563
96962
44635
50999
58756
60877
34645
80520
99119
55020
14448
93273
4397
48608
83892
16548
61807
86442
96062
19531
71673
85309
72545
13605
88679
53466
14957
94243
3131
48929
66873
58462
85208
51726
24928
27082
45539
86166
93783
86523
22234
56229
35309
95128
92323
13662
67864
6302
56886
19975
2448
23129
62208
54054
83431
54596
51417
74286
36312
41313
73856
89433
1232
10763
79773
51607
46713
81116
57042
91229
16705
90550
16613
46629
53973
23027
53846
24540
30134
62745
41638
94510
30511
27687
34423
87554
73828
68788
4890
7641
53852
34600
76350
82281
42129
87040
49698
40888
24872
63510
53136
23228
89365
6423
18605
76110
46352
91845
29791
26068
98061
45813
37824
70768
21513
36989
45849
34842
13489
16630
85371
29062
60908
24342
71869
24267
34289
82268
7523
12705
877
38203
97143
27359
38263
16651
86309
8729
6665
69503
69111
61969
9701
37327
69178
20674
34357
83957
55995
8773
7934
41532
60507
94084
11905
30238
25541
73575
19118
33762
42652
45362
47867
90893
15644
3335
33969
77148
16205
8310
49019
74847
59888
69766
51926
45647
82750
69665
91889
97691
81693
14570
68055
27689
7561
57650
63110
30118
23878
5938
45906
17119
75910
57947
97494
20358
75710
99531
2605
52554
27269
2175
51052
84557
41950
35974
54130
65062
29710
59459
37483
2590
15013
22033
94269
77445
71623
81483
59868
61469
21075
40018
50069
88691
79330
81205
27125
30137
28021
88267
43340
82925
54314
61434
78447
86301
63128
42248
2856
26349
52032
42214
91582
27001
34059
40454
6843
49756
25023
63388
31223
34033
15237
52526
53058
76918
45116
78818
9220
45994
83966
47601
72110
17211
17235
29631
10469
79073
62648
54053
21017
61734
72357
65855
28223
90245
26516
18510
28959
97736
73811
35005
37273
68744
89440
89274
74767
13773
35482
53470
16761
24243
72691
23578
23171
50130
5048
77500
46442
46042
91380
69218
77052
48771
33351
89553
82484
78134
63710
73349
43915
31652
72947
552
69521
1586
94504
43419
41403
49922
71271
98766
16614
57966
48430
26302
61456
34726
28926
36993
20647
71793
35013
88771
9280
55759
37145
45166
89456
64867
41014
14495
8381
38693
42296
3465
79907
61011
74373
30938
89776
16364
68785
52165
19580
24706
69081
74617
19539
11068
76165
34097
22681
46413
91040
94598
78160
36197
57829
30759
94116
77753
65965
3544
74763
15855
88063
93495
98841
80131
21730
41848
77688
95013
56221
95109
28798
14505
63400
89714
37544
5404
93784
13113
38965
79263
90871
59493
30669
8038
86042
54111
94188
50755
63618
60521
93464
48584
74487
75749
51638
44188
33246
50508
34292
56517
99172
44502
36694
20617
40996
39339
55057
37746
16327
98554
85676
9247
59832
14005
91105
31802
22206
57230
38954
60426
68413
24513
60278
41814
16844
81946
48723
81440
1218
95168
40248
43702
21800
11351
57320
29077
34654
35843
7559
57191
38278
44387
31963
42225
30694
4965
12546
82791
9136
34919
79975
19627
61148
73721
55194
161
78337
84425
83010
81282
75827
97636
48847
44324
73719
85150
48666
28388
92110
67612
61067
38931
4148
42245
56055
52830
37434
73007
81846
53246
33037
3754
50968
55357
11018
53839
41274
80318
28042
13218
46053
78619
89633
36419
94196
73999
54861
83797
59679
77664
79266
75082
61537
643
49755
71246
50221
19693
91033
28940
2144
74511
9037
36856
39559
79369
89530
74334
44509
18941
14401
83502
59430
96563
71463
2163
77232
33315
55226
39422
80742
87579
23301
94327
53197
5001
46328
5986
50591
84121
15287
42597
65575
36626
79074
38866
80964
42079
15026
69349
27979
24057
97172
85854
75199
58674
71136
58091
43837
39197
92513
28745
52280
65453
78391
66421
23264
64136
98401
28064
50126
72982
44259
91632
47884
63027
47954
20113
14298
57644
89552
58827
94282
88488
57536
80924
44115
96799
96268
66546
47684
29738
73396
55311
99308
49786
13387
99230
56170
78249
49083
63889
83237
55901
78915
45976
65383
51606
58105
74506
58070
21805
99464
14441
50627
90278
33772
65645
47342
32777
84952
34601
32489
9300
57702
97890
85290
81733
89369
63920
69049
46931
32801
45509
47498
8929
20309
86840
98599
31854
5871
95087
21887
76449
88359
37245
65721
51616
5628
69010
84894
41210
26998
14229
79137
62733
37344
61393
90181
78735
83124
24722
66443
49668
3224
56682
96059
23150
49238
81459
61035
69622
29722
17199
83857
76827
25538
54484
44018
47230
76566
15420
43399
88746
92468
65830
38127
69058
34621
62899
18570
18927
91729
18141
99179
76955
62614
844
97111
52900
48313
39713
77639
21690
35086
85935
47911
37133
73037
58051
15589
45749
92297
70450
57058
38121
57710
78498
96077
99910
28493
8878
48624
73944
27904
14790
74476
29433
58636
39685
46219
64640
24591
37708
99160
59745
18470
15953
2636
66702
74992
37707
23072
53097
22002
22514
17887
78530
44647
81265
95606
45285
22345
46724
66426
95472
18104
343
27108
90002
6498
13079
29667
20412
5959
97528
81176
80733
45022
80380
7570
9443
63824
58423
69432
70093
74071
54218
78956
32186
73583
41714
47350
66163
33907
30023
8279
65092
36100
98221
85635
70351
61071
45505
63333
60721
5256
59433
22184
34257
23792
51742
74203
88418
39658
66622
12836
42906
56389
15507
83599
10533
78374
57882
2734
58223
77742
8134
22920
51828
89943
87266
8179
23496
85204
82109
46378
83960
73052
17576
31259
17157
63259
77417
2155
11310
34752
90319
51195
24980
95529
67522
61265
76395
85268
93977
718
46781
47580
29093
52866
71447
80788
2644
49825
87756
43458
44787
96323
55131
89336
57632
49628
19045
7873
77316
36625
96379
88050
54317
34649
92833
70640
79740
71088
45853
10562
22959
78772
72647
29282
57988
67349
91084
80583
1286
48108
4427
70460
2502
57809
25252
32610
50562
4122
64107
4466
2040
69883
48709
3444
82670
70764
44605
73451
89968
4013
56249
15725
53133
70271
31546
60698
79662
18527
10770
55621
85417
33398
1507
85271
84923
52747
71766
71697
74021
10235
95778
41167
184
38857
12938
90381
92670
21532
53871
9992
94609
30576
17952
8961
12368
56395
56409
50934
49891
76069
80384
17583
7900
86013
65303
88178
11108
34646
6401
92425
74076
94183
46664
32739
3855
17116
40607
62561
46469
77958
68705
9783
89266
55918
14852
92966
70177
93022
95207
11623
24984
21830
51162
92268
88776
14106
35509
75009
13938
6644
2438
84960
30254
18354
94042
48748
3158
93315
46199
44817
63961
26251
75483
69453
86387
26456
23954
3351
59653
98699
38449
64425
89305
3803
29103
79226
10356
28306
47321
19740
17183
80433
72353
6405
84696
65077
80354
89852
4483
251
49393
41241
70389
50598
43121
23492
63195
36898
80839
38145
77159
1142
46043
13962
47077
71702
349
65024
17821
84377
77989
21173
39898
37800
74754
59969
7388
46606
42495
24370
33276
68028
11359
95353
28099
5068
61014
25409
53751
61543
38739
35393
22071
5561
15441
87136
53857
6026
89998
9198
15960
71098
2884
75955
66201
29678
97383
49985
67215
22263
19774
68860
43150
88735
75256
53939
33618
87373
87670
50124
88487
12349
32789
53179
5149
15684
34159
65125
41465
5849
66811
68398
70154
78872
73636
1643
69617
51486
44349
91714
61076
35277
60231
51038
92724
94321
39863
25796
36152
14368
26579
4768
65309
26328
6636
75367
10199
43036
66957
24331
98039
6486
69966
80453
1385
57935
53249
52045
39315
38467
85103
40031
35578
73823
10904
74744
28278
32332
40266
58390
6718
70557
15618
77582
3726
82491
440
29849
10080
93491
56560
60126
36216
30362
66536
24962
8055
37263
51929
76901
41622
65349
57051
86895
82029
67144
88669
62965
26334
53530
76048
45223
88507
83421
32544
34651
79964
16892
49547
79544
69513
23244
91386
74947
54051
39190
58834
46415
39175
26447
96953
92844
75186
63431
71236
69755
97056
11808
57761
94046
81586
98759
60577
23048
652
73767
1045
28332
53958
9584
81387
86993
60635
61884
31405
19131
63722
50797
49677
96769
30675
14483
59189
62259
36860
95116
6737
90459
13866
89867
8476
54433
50735
64751
33503
38531
57949
84407
22547
94457
82496
53639
17176
60713
16409
44221
71539
83291
83536
86197
65142
22877
77060
19654
93639
45561
44031
59236
6236
95859
75274
236
45671
29047
63091
1358
29597
35924
57248
96847
58689
14705
25886
15004
78009
71694
66897
64298
93336
49420
89799
82537
43046
70468
69543
69247
42510
25099
27663
43684
12535
1237
65829
57142
95138
5887
15705
8522
64263
50455
5640
61773
38755
80958
79873
46654
3135
2013
12225
85292
12759
44124
71307
76988
33358
34887
83899
10100
80095
85930
86946
50486
4267
43721
26108
94278
3462
15890
61017
27222
31797
46514
55632
54644
48172
82507
91210
71454
86474
30803
44973
87080
7027
71148
37216
13540
19805
74260
75873
35347
79631
28256
15042
21967
32780
42343
28835
69440
34891
45821
31279
72191
1796
31700
87957
12449
9185
2017
69922
66691
48210
9063
4695
94454
79831
56708
37051
6731
49715
84551
42138
89938
42228
98246
72284
86961
47924
51120
62496
90957
71274
96552
30653
11997
42218
51454
28247
27636
23412
35366
72907
86337
50632
1267
16753
83744
1597
17071
90157
89060
53640
35911
30434
99111
57802
50074
78796
8072
52317
89338
35303
85275
86129
15785
73313
16487
21637
45445
4136
97192
23602
79099
98953
38412
44456
1244
87471
23806
82184
59351
5626
36166
84056
12031
46891
89911
55729
60517
5907
49023
39797
57430
81600
74145
34375
99089
34236
30121
82782
28344
29578
43167
38294
44346
9244
78886
12897
82543
19036
100044
44912
99022
79078
21149
63235
37886
8593
59371
63179
48071
28609
12510
48131
21056
34980
31687
6828
61848
65993
82358
1980
20454
12932
15586
44866
2111
5818
21270
59711
65971
45372
57267
12216
42801
35826
87586
41761
2617
10540
48413
49266
60092
21345
30365
53729
4945
53778
28165
68002
93813
48691
31780
30448
55201
46110
10496
76849
61407
3543
92049
50460
26025
75165
50419
20881
33542
50958
47711
81906
66906
35362
80129
5451
51473
10882
36053
29676
9018
42483
91616
10689
90424
40303
23248
66186
86739
12140
97663
67108
71376
84212
27758
37113
94798
32398
95798
96577
54135
90846
95713
92334
1839
52784
36664
34433
51500
16624
16607
67686
14684
72697
66319
31810
87370
8734
3438
22086
28481
59218
33896
65050
36548
90339
1737
81640
88989
60917
78455
35543
77571
65172
53641
60803
65344
35689
48387
37067
40264
31927
69237
47440
30479
93074
19768
67350
56303
84009
89596
35384
67086
53715
5686
39483
26520
52036
1016
54074
70486
40814
20750
6506
51063
65250
95717
57557
29886
2009
14708
25054
50430
81943
98141
74843
41971
22670
68199
36967
55590
1220
95639
69623
6822
80797
26515
38288
89317
27243
69365
3739
8899
24585
50291
2943
67222
85970
7580
94330
41417
31616
6505
16300
36687
80323
90866
70343
31528
59534
58425
94925
21537
1519
18968
49507
76851
12779
95586
21462
81095
21960
4866
22144
57067
41558
78922
32507
29837
56716
28262
555
22169
99310
11379
66620
65505
83801
943
60749
10759
27740
20342
42436
36441
57429
17810
57806
61239
48747
33758
53742
46754
39852
75963
34765
85323
64798
56437
