91170
26153
88992
75629
48203
70693
99678
30032
74577
68825
54322
9919
35459
57312
78854
56345
66059
24761
23830
57144
25424
53380
19244
29176
61477
12835
90838
34754
38519
11273
91297
66626
61240
45291
50870
26878
47793
55474
33525
73714
18203
47725
73309
18851
86463
15414
64508
14500
57112
92696
26828
48024
8545
41406
57638
80500
84368
81004
67760
80496
86440
43739
84757
36170
7113
92669
3236
88808
84723
60504
60337
8282
33131
86595
66245
78884
17867
5606
88479
43520
32346
29088
27445
13863
36615
47869
63920
35177
2618
45112
2855
5710
21017
48798
48425
27413
45557
4261
35615
32418
23278
79539
21067
53681
39677
84918
27538
93891
22865
55337
55749
39039
12755
61150
65543
87438
82588
95015
26632
93913
58176
25730
32023
2684
66689
53932
86808
82554
98190
6504
1199
86825
95681
31493
24329
76657
61064
60271
12658
27564
87427
34985
77728
48356
3128
86176
69010
87882
3023
63001
86199
92249
74937
41607
9004
10198
71845
73371
57455
95294
68090
13445
8147
33462
82501
43027
89330
66215
42023
6688
13004
14660
87742
50353
11188
34569
45059
96367
17008
72592
75965
36627
4988
37622
11678
89588
24079
94794
1344
91352
45711
12805
56482
84307
97514
32113
32500
3930
9885
16897
26192
57758
22832
20149
84528
16393
80448
97879
13565
61561
17395
11343
70609
73823
10669
34899
54974
64366
20021
19512
22244
88822
86437
84755
69615
50293
61244
13424
54879
95920
72160
70328
38927
49824
81603
9109
60208
47308
10715
80196
1210
91070
2303
4563
47332
88913
17034
91047
95282
52431
76755
18716
62611
64573
88763
58238
33908
93246
85792
1441
21815
94862
83291
6889
69737
12720
59921
78634
57149
96271
15174
79094
39689
96736
25128
21655
30204
50526
51127
90891
2796
45589
17057
10574
46434
77709
23104
6437
19781
32982
18007
69651
72436
41282
96831
55785
34455
76129
37865
25504
55096
69507
14105
39679
62376
772
57947
15974
42296
91728
451
40473
44830
10626
67759
25046
72358
10319
25056
90689
75728
51534
65643
17624
38949
87283
64197
71835
9077
87272
40964
34995
38965
20480
18945
84399
33611
54033
20035
82250
67414
78311
71757
21365
93064
37255
96502
94363
60218
33972
56540
57448
99351
67805
8377
91663
49783
82239
43707
21846
7590
87302
44801
24795
94643
52163
52042
50252
63175
23363
13893
14585
8026
13321
65277
10437
26223
99564
28438
78360
97921
33363
61234
20442
726
58010
92394
23461
80943
7134
44231
74341
64070
67420
78543
18953
73019
61859
47380
42665
87787
12212
82590
2553
89523
31780
60161
77060
80517
32028
67944
12376
29129
12668
37313
22142
76673
94080
99787
53822
80814
2501
7263
16350
84792
31085
26612
54529
64700
57865
70707
92115
97330
78709
98823
74864
9852
88524
80954
40035
89757
4621
99456
40320
98923
47612
40484
51243
39389
35774
11940
35596
36953
97104
69278
93479
59467
23548
29458
16380
87234
21354
11669
99708
3412
45921
97526
22438
45929
9621
62458
85593
35175
63609
62149
97532
35773
68113
86137
28886
88287
65352
35438
12031
76689
46359
7475
7127
49413
21551
6492
52901
4639
45276
35290
64010
36725
3701
76317
47920
41541
92898
45955
57095
1703
32347
31074
1789
45071
93015
59254
78692
73226
86427
17729
68368
43723
43921
77522
23647
49157
70538
25022
6386
30830
37999
49943
55283
29962
94757
1125
44057
99931
90953
56049
17036
99482
35257
67913
55713
46009
28022
65690
53263
17534
14968
86449
24644
65349
23856
18324
90616
34579
91917
57812
19845
36463
76581
21304
10517
51077
26054
38244
95730
2438
52043
92181
21326
89940
75415
89542
94370
29085
42635
91866
79026
4281
18124
15353
80766
81805
18394
89984
78619
8153
96465
99899
16779
11732
47607
57402
76182
64022
71524
29141
67185
90370
10759
98175
37778
66964
22884
21667
50421
22477
67639
29823
9897
12084
55537
16815
12696
59724
82856
51312
77109
18533
65386
87738
74179
58148
4080
79807
76932
34423
75524
32506
74605
34381
91076
27084
17707
97784
77847
30364
33971
14389
16805
67827
53596
20870
23240
92281
63694
39334
12527
9291
58737
37586
938
8460
31688
93848
2264
48269
2525
95524
98998
71373
6847
98629
40545
99466
78849
69899
95661
34005
34370
71164
9965
47114
2697
95171
24006
37813
49861
80756
85420
36328
4332
49242
24912
75102
20104
51001
15772
84933
3559
17171
22393
92076
34934
57511
7156
77624
12074
85984
65652
27932
89240
13936
58631
7705
70782
26023
8829
43789
10176
29320
33713
78074
3212
89672
19321
46901
46289
1718
26912
24724
77418
13139
37616
43808
63562
78051
37290
49697
17456
74113
33920
88434
88551
15889
90361
26954
45463
22475
39354
67961
85964
68859
41682
79266
6436
32600
89249
94962
96107
50947
46590
57474
16167
38784
72239
85573
25024
75542
69218
44439
97882
48552
34115
60716
46141
65208
89861
46798
89552
53466
29574
86374
71257
57468
5249
92804
54532
64290
90148
67575
39473
62604
31147
16973
64110
22180
59477
26461
15004
92649
19968
66873
98070
76942
58847
26765
5662
35944
51130
2159
30344
89332
73964
46544
32775
98987
36927
8805
62434
80525
17014
68889
5539
50794
8469
20295
95599
47586
2109
67267
24848
42044
54410
18755
12012
85648
66614
60610
43331
77519
33429
63655
72951
55545
94145
47392
37425
8030
69934
95454
11666
8482
94530
12747
62849
8372
21735
81678
40154
74954
73038
48219
45890
22686
65894
96090
47007
62320
32999
81920
68151
58753
54302
38341
94082
33565
89345
16283
19211
23727
95890
14060
73059
98484
37079
2227
36951
32835
91140
95686
62598
77752
93452
92534
12206
8102
55195
32544
6108
97752
93177
3086
48300
86988
42141
20077
65079
98742
81495
44173
3307
45454
80787
34315
56046
16858
36642
6686
92552
48218
15258
7313
20242
65689
43422
46636
60646
96703
78519
13569
89648
29506
99848
67229
67937
50763
65826
22887
45306
34098
27437
93608
43060
75152
99011
97763
61803
64312
71532
22459
13224
44011
16300
40537
61804
11300
49386
80254
57137
73040
62239
2263
29331
27218
25688
6084
93764
17312
93862
80184
64816
17280
9958
11270
6133
8667
26667
60025
78733
30970
32842
1958
45437
31158
60565
25412
99544
31297
48160
7504
98093
59022
78842
28547
60810
32061
71173
45175
50322
12350
56543
57277
32284
24410
96620
63095
18570
62840
33661
14142
47039
6901
57007
28010
16386
97365
17439
99572
50859
29764
34761
94665
6032
350
17933
92166
94577
91649
91110
38802
9899
36549
74820
28074
30863
20331
60226
45443
63881
28396
53451
80395
38754
41074
46633
52014
31326
52564
46994
57618
29328
22573
35588
60168
38598
79068
65649
64049
16917
85681
15863
77727
27637
12892
83200
74489
67634
85870
76111
49390
71406
30951
89014
26585
4402
28120
56514
36381
76567
36747
6309
41570
98705
92871
47234
23054
61975
94890
67252
59535
5624
31661
9551
17720
43546
87161
55391
77163
67293
62372
81979
57707
61143
7614
23234
25167
67475
43717
84997
7255
39501
83583
63004
39738
93190
29515
75435
1225
96222
93637
26274
15222
34284
12335
72367
99828
25222
41438
90912
86695
62823
59461
55334
91762
76120
81455
76394
92318
64075
46080
26763
7571
27059
98847
60302
18902
31519
89182
19413
27792
86925
78471
30623
70062
88774
82898
45197
64115
6630
68757
38098
44260
24930
49754
65080
75793
60923
8926
36753
31132
83012
81638
72384
46738
99262
79470
49272
31775
81142
28922
41811
41635
53068
23294
57634
22
3117
52892
81830
65668
4599
77744
80475
29801
64202
89881
86878
53033
20261
87459
65293
94966
22299
16621
45833
13239
85654
43092
60363
35653
7434
25819
12547
57557
60093
83222
96237
12461
88363
62429
21805
74253
28134
95523
7444
15702
44960
66532
63436
6512
25438
16171
83215
90642
31117
55002
99030
10962
26591
82604
19427
48583
20973
94191
29156
31872
83629
64216
18226
96124
52302
32728
94875
24344
65088
62073
81897
68186
7287
20422
36713
54575
63121
24656
69822
66526
97639
79046
23418
89745
79317
410
40387
31138
82120
2813
99757
35696
53974
37459
37303
55488
49734
68019
35371
30111
78715
85064
19863
452
12781
75156
11137
89615
11819
30427
40082
49691
67307
41149
96408
53534
24231
41208
66475
18393
33819
2755
36453
53529
60902
3414
96735
2934
18559
14407
78886
96985
33109
34979
2079
97184
93516
76203
27960
81644
4782
33988
45677
13552
24745
85848
1717
74412
81259
87803
46617
53484
29257
87262
61940
92164
69999
37920
13994
70444
25966
63038
25052
15787
33731
75966
27206
50258
92625
35955
63219
67927
52106
23397
87938
68385
3272
66033
69874
6779
28892
99453
44968
81073
37623
10089
16257
87992
23121
83750
80587
99973
95946
93539
21910
84471
72138
70006
24028
90228
26364
43234
96240
19783
83768
96104
9368
91748
74980
80486
30158
44578
15278
34112
44279
13254
88472
10761
10815
52290
42077
94650
77427
20943
28487
88999
49622
7172
36102
75
64147
83211
51674
95342
91742
10322
49663
23155
91051
74360
16135
33154
19220
70196
40580
83540
75568
25152
68593
10654
17398
92890
16746
36991
45412
72633
70057
28485
75282
64714
11701
75855
57435
55506
72880
82682
64386
6844
4785
74035
93413
962
45625
93857
97863
56089
18840
69369
49983
77297
29323
17156
35076
78816
74745
18300
20114
98824
85978
14814
87790
20591
84739
31207
68314
8234
52650
91424
61376
42331
44912
28968
55640
66147
91481
78452
2903
82155
88010
6297
90899
53108
39448
68869
56442
60809
98288
54471
93116
4288
35673
58689
32855
58919
47197
13307
60741
89074
80858
63222
32911
81369
43456
1520
35395
61568
69793
77033
69981
29134
50621
66023
49170
12394
33018
41156
17108
13245
63081
16911
24053
81514
88844
1841
16086
81771
59335
81166
65411
31674
3793
22338
8599
89076
92312
70211
1449
35784
10084
45275
40166
91604
74679
50429
81155
55209
39252
82374
18724
29148
12478
8110
63163
56033
2221
32879
8851
70617
69351
63039
73071
46288
53571
27055
24015
62631
16829
96996
28756
69817
80815
81350
42462
7167
76117
50843
79542
61558
39666
38867
69289
10689
89489
492
51078
98915
63808
35926
2700
13516
2312
96713
61677
39967
88882
39923
20308
34841
17357
1247
43398
92139
16853
24624
71328
68242
83327
78168
49521
67461
33900
24378
55828
35096
81013
89596
84801
24319
89224
90939
66694
38654
86860
81635
52836
47274
45546
34402
65763
55720
13592
22505
45515
6187
29712
93283
57703
57234
15799
7891
63803
39615
71001
70279
22717
60535
76424
60115
47958
83258
72119
81758
1145
3301
61476
59526
85588
33922
61990
42950
59730
55671
38628
82025
47357
51451
65872
46473
97466
65002
65642
47195
77345
58755
19564
99140
55489
29806
70298
84737
50084
42723
60828
12372
78914
88732
33861
19786
92497
79358
76527
83344
58428
70503
71501
35504
51380
60492
1801
62705
94556
53611
32699
31260
49536
84936
28705
41155
99389
77132
35851
34445
80381
46290
34049
95081
83783
88481
3808
21163
5471
57195
28562
61043
46916
83248
30799
2977
97608
66001
36393
65947
96166
73416
20974
91235
93617
83473
10661
16015
49466
50878
30181
72048
79112
81007
84499
37738
8454
51754
85316
65098
66512
5748
60345
85271
16205
57083
26937
48313
23236
90736
31033
34482
29136
65377
52067
84716
1627
30067
71512
89238
54704
82625
12262
57602
48478
39262
17724
55733
83535
89674
83498
8587
50228
92577
43282
60324
13348
80824
89266
30639
28740
35361
98788
35167
58218
55266
90243
11914
91888
7264
41896
23642
62892
33401
93171
39684
8693
30523
66187
85929
48836
43745
71320
17812
17281
19646
66741
4028
28621
85015
50305
49923
28944
82222
99223
77194
27514
73328
54903
79703
4435
45447
83630
9628
19499
4651
96
80316
79656
78737
88596
20736
42228
26048
59645
20668
42554
82515
19628
69470
90087
52270
49575
9071
27368
87828
768
47783
64655
45393
27398
65946
63317
57554
8343
90810
15681
80560
46175
4428
80695
29855
9026
76276
80207
79781
80208
19087
53842
8423
66821
47780
58146
92881
79910
16067
68950
26356
87043
80572
2576
40137
53965
26968
27216
63066
60787
20286
61618
18089
9640
36734
33829
73654
69529
99439
80449
45654
12946
52741
71195
99608
16900
55370
31183
3890
70394
19543
63232
23851
71267
71876
84317
66370
36003
44078
38606
91641
74916
71604
11050
76744
32909
43408
26361
20248
61507
37525
19380
88339
70901
66945
67021
72348
10883
61408
90018
63257
46099
26030
38839
33208
96017
1040
96018
60393
16561
35335
17141
35937
43016
39436
34237
17002
4265
88048
38092
58890
62364
46973
98593
44610
82894
76856
82628
8488
56516
24763
83436
42916
79869
67876
76384
65797
92395
49316
42906
1434
43832
544
607
23228
20304
71920
86856
81942
7521
49142
1510
80899
72302
13041
21131
64990
4189
27734
49430
34797
19332
51191
73797
53841
86792
71786
30201
18569
45006
67679
69764
78024
49512
44137
43666
52680
64591
39752
4176
11916
43513
89823
3424
45766
89525
65851
91450
71260
91863
98970
53751
48082
3001
38515
60759
52340
89494
80113
97416
83218
28464
27763
81929
65951
49568
46097
54477
77024
80901
93463
43874
45449
7235
90168
69600
72337
35028
20490
48349
44397
54591
96605
26294
39853
58667
82920
10569
39706
13892
71547
32770
60831
21516
32556
42518
65375
16370
88783
58638
90606
90318
70862
33993
75646
54660
20619
45995
25673
15104
55596
25214
8712
51223
76568
68741
22457
25382
95970
96645
46259
36650
21220
91740
27352
46517
84083
1595
66979
41897
24934
24910
93110
29811
23664
48063
81587
26578
39572
64780
24335
40423
58728
36607
27195
16330
44464
4102
31731
8702
74094
22972
76387
34508
55446
29533
84662
21143
16319
96816
27695
85447
66627
35991
64985
47374
72612
71167
63612
56288
78782
40379
47363
26169
3947
5672
37662
72508
78213
46090
92373
99904
48813
80179
22229
72542
48475
22336
58787
81590
66820
13396
7628
2886
38758
91904
82377
98368
69376
1009
99437
90583
52246
75062
75109
10899
22120
25283
66759
18276
48697
54167
65684
95472
25271
5360
91103
27343
528
66571
60653
14902
72932
18900
68413
31046
79159
73428
32621
22928
73239
62983
24869
9425
11501
59698
11152
15330
64838
60032
77974
3305
67877
3039
98706
61047
35408
17477
90751
34192
79384
14880
90277
50580
68076
78272
21759
72370
18909
64672
10657
58356
48258
57623
19405
62473
2971
23186
88903
98170
82045
74385
86288
16173
92414
16462
52071
63094
73619
64799
40041
88585
72743
10127
5866
48434
31670
66067
7845
30696
66456
8896
27271
66414
39416
9247
28998
73153
83326
6716
92761
16317
13878
35538
6850
47148
35741
50525
28208
59414
80883
75921
16335
27193
9807
5319
833
38202
97666
19790
40956
70307
82527
28338
35443
60735
76933
18312
32449
71073
50470
12365
85046
9692
73996
25808
92745
76548
55839
12427
19805
10350
26091
53678
56219
17446
8680
3551
91882
85699
65487
20485
32260
57904
79256
91306
29075
90805
27103
68483
18830
20686
86645
34750
93532
20071
75173
41812
70354
42681
29695
14204
10485
23201
98602
30920
36688
51669
40874
16549
34807
92430
87131
40090
21
28959
14840
16052
67799
17217
33320
88745
25662
582
53339
221
98293
78329
46366
89810
48193
31747
1776
55242
16465
33773
78053
36630
9529
47535
45054
40488
86637
50649
54415
47214
10458
274
37120
10799
12682
46433
20267
640
48750
53141
83084
25019
49588
24326
26556
88385
38292
19081
78264
44329
89121
99825
86551
67633
440
80328
58799
86017
59544
20770
66517
60824
75426
71917
28732
13455
78228
53780
92655
96720
80042
32053
20309
77542
25639
3700
73432
57958
22283
70898
64834
42040
73332
79628
54859
20093
91344
59938
91770
62550
95990
73999
10359
84018
45641
75338
88291
64812
2320
19450
18821
90914
72246
81751
44325
71934
13649
84495
1302
15519
8196
85950
9332
16429
63992
71470
41640
96947
99061
21818
88114
15828
14399
62116
20365
48347
42472
28700
33182
60768
81432
80715
9603
69205
56903
2181
91766
83833
47196
34624
42274
10934
22243
73726
24263
29499
92663
99252
3852
76952
32814
46703
93172
55192
75162
14281
64951
30778
68637
50196
93131
79160
18505
49088
88179
73864
5490
48758
85150
59411
99442
81344
66728
46911
9821
87230
40814
93944
45005
58514
68102
79508
29476
29836
49672
75950
47700
14936
86277
60795
82264
46444
84694
87233
19239
81136
68260
5596
76347
38036
30009
68466
27277
97069
50489
25738
36602
1823
43127
26686
70839
43052
22298
98751
91605
77065
96461
95591
48837
47867
45223
73140
2435
59172
72260
79660
36137
98243
2507
63363
87729
43939
39848
61880
15653
33419
92945
74136
60341
77544
17796
99490
56887
87693
43104
28597
33349
11995
35652
78425
11757
29827
58494
2201
64891
22482
16332
49040
83441
69081
60681
68197
5713
28159
64321
63016
38551
70303
84513
12629
36353
31253
15625
10780
22467
37198
95818
90759
32138
55040
45810
78170
87691
53915
68086
90554
6288
87195
89547
1206
2500
94206
12452
95002
53468
86967
44502
53580
86034
42360
88816
24753
14831
26409
15955
66188
19707
82816
50531
22749
35256
58651
65102
15147
41393
75052
3508
27072
9758
38615
97077
28264
37540
40046
32080
83669
72331
75376
24328
9575
19339
34505
76632
30091
80618
48165
88841
84685
21055
79109
29829
99440
63040
44607
99750
18177
39634
82504
94727
16827
63135
94800
40303
73872
72257
40855
29490
7389
11336
42729
72353
87217
93660
5829
71439
18011
98261
95922
45855
35047
23694
60860
10766
18514
18248
70309
52948
74674
61548
75991
11125
13495
38281
23482
74985
11030
79640
83947
52058
18001
77386
89279
48999
91906
26359
22028
96861
56517
7561
83203
77786
83229
12605
76607
46904
91262
59284
97470
1056
58762
95296
56795
95835
48939
82278
56409
85123
70483
18695
3899
16084
17966
89860
45965
46782
35436
56438
27411
30080
87743
22326
52429
34018
19706
7108
15068
59967
63002
87512
78826
35378
80796
86123
66140
34670
56881
42289
27432
17433
49233
65710
8962
12041
36364
16362
73409
36757
37694
99574
60927
32915
75510
80011
92979
58123
24952
33091
39260
32364
73772
494
44931
67013
51866
25258
85627
21905
12173
58377
3258
96326
30153
35987
42639
99538
61697
15898
54638
64502
17590
21057
35245
19120
92228
17423
66603
96033
33623
97231
40542
74328
62269
64645
59088
67619
90358
87222
92305
35307
47271
75124
34114
50082
6137
93169
35722
62540
12859
45952
68238
40827
14006
30952
27557
85382
46870
73753
70968
37717
46702
41041
62021
23426
66225
81885
47782
65953
78987
60953
3501
29041
79105
89515
73037
80521
18384
20169
99900
3491
28128
8416
35109
70828
57257
51992
24035
52855
93027
21224
36448
18346
81863
84898
72361
73307
39596
29319
34796
68650
75441
86290
16079
92200
69895
51876
9734
54042
67735
13292
98259
12828
40907
67667
86273
30272
64081
55834
28100
17616
42510
22756
44305
92026
51072
89421
16444
41320
88466
97505
57246
100016
92905
4457
93265
21486
33085
47627
21362
3529
24511
85273
34937
64212
53700
24534
31533
68206
12849
54259
26242
97436
50966
79431
73621
58177
41103
38443
32970
66976
31029
45105
68079
81795
33112
44422
37692
56480
43831
7548
8636
72662
60246
93341
22967
96174
90603
97245
21932
57473
22642
46149
27606
8047
74312
31734
73397
56996
30192
50848
2114
64703
55126
44981
78146
47341
39851
1559
57531
52021
39561
52853
64170
87788
95390
87800
44562
82952
51177
50148
80735
71626
92248
4049
69866
41459
50767
2670
92719
82431
75040
89454
12468
81126
39173
24567
98290
53489
67754
62085
73680
96059
15992
7949
93047
45976
84431
4980
96275
70852
1764
20201
85630
1017
89469
3702
12364
47650
96764
78409
17516
72098
66241
71123
54067
10875
2163
38460
28268
87728
41240
71511
84524
98452
6125
36110
72904
15103
47087
9122
57107
1870
88205
95293
76296
89025
89857
81713
46420
37227
59378
47934
24222
7920
88006
98158
59018
65149
15317
51543
66700
93964
55105
75933
47336
84820
64763
40676
41317
3570
63954
10770
81406
27133
66105
87409
90487
53344
67592
76313
60854
9589
69564
45144
80791
38876
25787
55427
533
14523
11617
62289
68870
87457
17386
85391
81162
32107
3935
14731
5844
16114
68666
31134
30928
54374
40260
92378
56998
98877
44206
22954
16290
80231
81304
83708
63814
77004
55916
2856
65893
5401
595
30719
68278
51103
36422
26606
38473
77477
65067
18782
18835
88030
22386
82387
30854
32611
40304
84811
14801
71744
71648
376
1831
86456
66099
20075
13653
55450
33967
28981
99780
46585
1486
79530
53065
94002
89971
83973
20858
66410
47133
76273
66622
84870
86863
27056
78414
68103
58388
76907
10406
53120
18067
51459
30443
30007
76827
96869
39424
24037
98630
51511
74314
59019
9550
41009
9650
83503
33038
82975
47191
39036
71637
30598
67573
27576
90761
95538
59382
63716
922
62872
9444
32650
70588
20878
64094
80511
77305
21873
35155
10174
10874
3800
27316
45831
357
15554
28254
64435
79270
21241
11695
61490
3035
91771
701
39108
44936
57637
4465
65030
21170
33434
87540
80320
10120
81134
83769
1119
69390
13371
83940
60984
93729
16646
44636
6609
95058
54248
899
4644
62876
71468
56989
43147
32641
25077
44621
24676
99438
62516
41020
93012
7976
62546
5959
14894
62263
57005
96401
31528
42829
17852
39898
10386
10570
54651
22159
84375
82581
14502
93003
78947
15943
9964
48940
26422
12760
41913
16957
2900
55384
12051
44295
58
74343
67407
74444
51338
21546
31425
23364
73780
46784
85924
21124
16477
23609
76892
76854
25668
47699
58995
75497
37177
72822
88302
35778
23113
72843
73707
84019
52181
25148
14113
59502
89864
61892
89956
36269
24345
51456
20795
87361
16080
47503
43728
67874
23497
76575
84218
1124
70280
97019
99737
16142
51612
42748
86923
32980
1513
81543
38887
67486
5336
55516
64013
60082
11369
98679
88800
48424
36406
57754
27243
42941
64553
90754
82266
50424
82343
40339
25999
37273
63610
53530
32710
4387
14611
60043
88452
56720
26698
69969
61846
21560
1320
74845
3166
13958
88804
14531
16850
81009
13020
52589
94000
31833
2483
33469
93097
62253
64627
15823
64749
50599
76756
86999
60869
88190
69455
13660
79207
88788
24247
87451
24147
97193
11574
73252
99639
60703
29002
32088
25154
68946
60465
83383
67354
27226
35202
80376
35590
65716
55311
53119
87158
9867
84819
92576
49036
87522
25527
69203
56012
85996
52820
74562
85914
69343
3933
91959
22618
64697
26439
51349
92048
64997
54627
4262
48919
94992
35644
96916
34136
76315
78169
49867
53650
92371
25867
43941
79585
21756
8035
83366
44813
58738
3475
97098
34567
95942
36369
62718
81503
25184
70314
9316
20607
77738
1044
44489
92367
73390
42632
40636
44559
12504
43543
30730
16342
42775
53550
84062
2527
60866
14761
86049
71996
76577
22663
46169
37471
10123
71646
26527
89561
92159
77429
127
78207
28454
28375
802
27110
20616
23747
6254
48564
93453
64471
92920
23760
60935
57802
36136
43954
89728
95190
61610
72966
42264
16972
88905
59857
65789
79286
35402
50993
70964
92202
45820
10854
80532
92445
76470
38954
84437
27641
57212
15320
30017
32143
64481
40839
72393
68199
83529
24769
67883
99434
97928
61329
15051
87251
23378
48162
94997
39680
69189
73344
57314
11551
79059
14148
12288
95542
36821
75409
34470
28298
7667
26339
96383
3707
12036
96921
36555
78927
36186
49559
42358
30331
33779
69063
548
7194
22565
88149
39972
2945
26235
93070
47729
36853
99121
41226
96411
28814
11453
11925
50638
33076
15503
89845
84772
82302
86356
83728
75860
63496
43170
44491
77383
66433
96582
56333
87130
68253
33667
59803
14932
55224
53385
31778
4615
52295
42125
57022
83310
36763
59664
46429
7413
57168
66395
63874
64720
41942
81759
20633
29621
53706
77146
30609
43066
77307
71090
78196
61400
95635
79930
8261
76007
22816
16183
58431
74630
98481
87279
43894
98152
63350
68005
58029
18389
39404
62342
23509
47488
36680
96457
43938
27080
383
82559
89000
91722
74691
35633
13526
34606
71764
88358
29679
14088
29586
26095
49637
94435
45693
21571
76879
36196
79886
10129
90009
63824
45938
28787
67336
80746
40823
19806
71023
9834
25896
61799
70511
93728
16623
23705
44290
19438
79704
94496
72173
80702
72795
40060
34706
63498
375
72869
3032
81977
42229
47265
36761
85472
69204
14553
39850
31282
92737
88094
56721
75935
18690
3615
83518
16955
10910
41088
91792
32940
24626
90247
46680
88987
83878
82583
90969
28721
57322
11909
3064
56611
7378
22103
26369
65757
10284
52568
33444
94144
32557
21138
85
56140
8313
87376
77923
9967
28086
55528
80389
58228
86131
14231
49124
18906
51179
21806
36914
23938
10238
72842
43742
23826
92644
39954
97946
7820
55976
92643
38388
35508
7045
83082
40865
51698
89130
57440
87126
57384
6058
66869
69846
49909
50911
5032
69426
76765
53963
10195
63670
51024
49263
40209
4453
81209
44554
95537
6874
97220
68897
35455
28989
95779
82253
48081
95415
18947
10547
74453
7224
98884
88624
30164
96280
11572
79445
93651
92392
85098
36554
61700
68705
68036
86168
34997
37606
67912
29562
21128
49863
69868
73273
70165
60176
51327
32480
63550
48874
42273
73355
68772
24909
12247
57649
80893
76039
37057
84073
8094
26921
98914
54008
73234
82110
23867
2403
61194
25835
81793
95540
18070
53501
63865
6712
79405
85610
17350
25183
57405
60006
82514
45879
2216
98404
2824
59632
1865
91084
52921
547
72076
10682
20262
60883
81639
41481
30250
43851
93565
70152
15189
54437
11711
414
850
85301
33452
69800
5612
20988
8994
83033
65813
58824
1409
38353
54938
62895
21369
31591
62494
49525
88428
90647
55114
71199
53860
38410
37306
54776
83338
60427
61565
59221
2200
90208
13352
93462
98566
62967
76561
71728
90706
866
21434
63107
64185
10348
31575
87341
23945
82219
13298
24888
57693
55843
93381
61181
52900
44645
65316
66842
76674
94583
38859
96444
74758
64878
64606
31146
61060
31985
10023
10335
5260
15583
56180
30076
53481
35343
64318
1987
99371
26699
9355
39787
18140
36429
1036
47210
37092
9069
21042
76031
86004
7373
70938
29166
89500
26922
73761
77757
22344
80200
98973
86335
84929
65724
44054
91734
47485
22517
18775
40005
79397
73636
34165
66605
48344
92309
74426
47680
86975
12320
31910
23409
8248
42634
87966
79682
24287
46584
45320
12027
85908
58082
97502
90418
69909
70274
57104
43452
48374
51379
23225
64600
90768
17218
38136
97265
4879
46827
21742
84995
41726
2389
63568
99673
70322
36721
217
44779
43153
28167
3963
72987
23064
11277
69625
47506
5071
3836
2669
13635
78253
97289
46996
55053
72321
29264
43691
49623
78507
56997
44879
39470
70830
95445
6839
55329
728
33748
41319
61045
80904
68770
33300
99470
39321
15114
25709
43826
30843
43926
37811
43208
77264
20757
13525
25158
78046
36980
19906
30673
62399
8687
81664
18706
59519
99773
77793
45240
31078
73278
33665
89064
98649
53720
35904
50416
59372
75200
52144
68185
84593
12079
93951
78529
56879
51530
98478
15362
14647
63309
5727
95811
65857
61035
76187
36483
1460
10355
59737
39164
45090
21697
27067
19075
82339
9932
26918
82891
15552
81816
9284
19326
37458
63968
68932
8681
4073
22619
34782
31682
27675
82406
7050
2595
46129
51242
36511
39358
89351
43920
1502
95655
38639
8133
30772
20349
54171
7607
68718
57480
49661
3083
4592
92013
88021
63960
7897
92808
73666
14509
21909
11555
64911
98415
19328
90027
66779
16983
33962
70157
34894
67300
66220
43569
59123
27777
10662
42460
73211
13749
39834
59866
74388
38523
85965
79540
96655
29580
2261
1376
76405
33980
43746
51493
40406
41321
46955
90745
68491
6183
21479
34420
9519
5215
35423
86093
62553
53382
58202
87085
71181
55425
97064
94828
92909
89297
88932
42455
87424
93906
95744
19147
45713
29316
94208
79481
27600
74263
82451
89139
13044
78659
17520
71056
62826
6896
44670
90069
96567
20903
86611
8638
64051
13788
29390
49218
64879
87347
35557
26939
1840
78185
48778
7044
37706
99992
54929
73815
11589
34494
5966
46197
91901
26605
38786
18588
93700
46972
45318
37387
14748
76830
90822
42240
86770
59319
18029
10266
46716
63664
10977
82717
47756
5348
28696
23805
18099
98763
43460
91529
84741
89503
32430
6116
56301
59290
47479
38412
39406
18715
22416
64259
42753
35278
18866
51139
43650
40783
37432
88259
39051
20144
76735
92383
91849
7623
39087
46889
42092
87551
75049
1169
44859
18584
38542
67233
31477
45304
73250
67398
97113
30874
13303
20178
20030
26888
23002
33991
30786
12327
7706
47464
81163
79653
691
72485
78910
19789
58440
58242
45760
47544
11278
64986
94353
35466
20551
96738
10275
14109
57472
72022
35497
23919
77119
54620
53071
22923
40037
55246
41220
7508
3497
46589
51654
39233
87398
9786
97070
34239
8345
83475
75184
17471
6756
83592
83173
94945
9280
53985
39500
74760
93866
19209
89320
77761
11759
41246
2609
96138
2194
36227
64741
55569
50896
73576
87259
22004
72504
39751
28194
21624
53991
44287
15059
39284
62870
25935
67069
81579
36402
86887
64928
71519
75507
28844
19267
52837
89766
46453
99563
80266
28207
10200
43692
6703
89410
38902
46775
57843
66173
70216
67015
18269
47957
12691
68683
5135
3477
92902
5647
9956
10927
96036
16340
32458
60622
18046
38461
96072
86758
65505
79845
59846
29835
95799
64981
81401
68349
24115
12073
97097
31738
60191
82308
22280
97480
62076
99753
43010
62068
80804
39411
27887
62119
64596
29355
39402
17641
6660
50528
65005
90389
75606
43995
94579
79593
19941
27764
3842
52421
78061
64538
94638
13761
76057
73637
91520
66977
10956
20133
37551
23943
13253
5145
77985
10887
14763
34371
85384
27767
49259
40210
89149
96337
81774
16591
89681
91074
99550
39973
98858
92992
93355
8333
32106
45375
28301
31440
3356
49977
17752
19990
35924
73400
94066
61997
86201
89207
94786
62691
20337
45545
69955
98724
76485
71854
97050
10395
60997
4412
47739
98550
19561
76074
89259
77385
46071
6490
1178
4906
72707
77271
35950
22507
39066
49404
3541
20411
64249
51857
83900
42513
6773
15212
43577
36851
80277
22707
30226
9510
61740
83830
20681
52359
94964
7999
7972
14408
97974
24175
81303
97755
97810
55539
82693
94103
67058
56589
27124
58826
78728
82893
91923
6473
46403
63941
74212
7384
17367
25368
14925
46364
49194
21432
20970
18412
72101
37401
85054
47492
72155
4196
86733
12221
91018
22720
41129
18575
2911
46976
84857
50122
53756
51309
31111
83367
61695
81002
19744
11392
26062
67406
98174
86842
35368
38720
24223
12307
73347
20810
88361
30943
93513
64776
87582
80884
99383
77681
76157
57747
31876
29146
80919
76295
34460
20172
70799
30581
9600
67686
18803
36665
83616
60874
64000
4006
75762
50382
76776
54732
75914
70563
62462
38719
33897
29566
74739
25965
2215
5067
93440
69500
77658
99189
17424
94416
81654
8919
34011
1369
78097
70031
62223
44895
58997
62303
7858
45642
93345
47395
58059
11342
93353
12579
49127
3598
91744
37904
25613
57679
84776
75607
39119
76593
71753
72871
97311
41603
58480
94222
26502
95138
68657
49941
75478
22998
93056
87299
9677
68229
21231
65600
44246
35093
30332
94507
42337
19248
12954
24614
28793
21530
68203
93601
94597
62475
46804
55049
67410
52638
39042
58325
10301
34749
72680
86013
56610
75554
77059
14849
41115
15117
13829
64298
10051
18857
40539
57478
70994
3259
43299
85322
2612
58627
3638
44182
18879
1640
46127
82460
74075
12936
510
4679
2015
86128
16402
22668
84058
74153
52368
98395
6184
21789
26018
23193
84480
18638
55281
84320
95094
10955
47833
72273
78495
66566
27439
86954
97182
54317
83635
18617
21958
55302
25669
56445
55936
75969
51647
14890
46794
7852
2586
12042
92282
23719
42881
38577
98035
25619
97387
72685
14009
37677
22625
73196
56437
18970
33893
13664
11602
77398
19441
64272
58142
48366
71676
56419
82265
93597
98235
88607
59075
82323
79257
12939
87508
64395
21675
81512
1334
84282
78449
15706
70002
83699
18118
82094
71148
51060
96680
15349
12815
57490
56774
42840
42531
19794
40370
8695
35603
89042
30570
95606
82567
88061
83143
22772
18250
14479
81195
62658
1454
6668
62112
63766
29613
1528
19569
57540
99710
3792
53115
67190
8641
38816
44929
24429
44824
33580
91408
5050
58836
72306
8399
7708
13828
84885
24090
95349
49685
57620
49075
60606
99962
68059
96190
6517
58041
38646
35925
68557
9240
42749
85427
44321
21270
23753
7312
38762
91602
20420
62163
40927
88592
64132
13955
53193
67991
56172
10537
78648
54551
72600
81117
74107
35309
42784
14039
71715
40983
1371
30822
85344
63974
31890
98888
84589
31452
777
46722
63143
98447
89405
26748
59764
58098
50480
60217
53847
22322
73151
46083
50205
88504
17140
24992
64689
86776
56466
52191
63489
82280
68841
4443
50783
71119
3156
51140
64663
99789
36531
29347
85158
11952
98976
73618
52788
98632
73842
66784
11103
26206
21159
63443
12714
40061
41817
37718
80396
61415
53348
20085
1787
50651
98938
81337
94970
40970
17608
11585
64971
2799
39263
42699
57261
64191
14728
30365
76965
44072
32234
5039
42421
42095
69947
31251
2042
4991
57057
57576
90302
4654
5429
40164
89937
29933
88566
6826
12857
54604
59968
88257
98626
54157
44951
86671
8044
18319
63911
7801
60205
38760
44154
94663
62903
39237
8908
49021
33144
59876
26037
98640
16688
89032
7746
20352
31729
2814
33817
62578
25410
84551
77197
2496
81736
77616
97524
84832
89747
42858
21510
60064
44275
82824
22635
12586
56528
62207
39222
43148
91787
19010
32035
13125
49621
24284
80025
68558
85398
91936
94331
46866
60274
35201
9410
51960
3552
86453
58397
73122
84652
79952
84636
8134
57779
40455
25477
47309
47791
28658
99893
55201
2267
66332
90288
86510
49741
16399
50868
73974
41401
73322
28788
85569
4267
4999
3131
74743
37414
93552
51079
14149
43057
27284
20579
52287
76208
70238
79647
23466
25100
37867
51016
60296
71774
4395
48544
93401
23051
28517
69629
71794
67115
51263
95587
3797
54987
52526
81941
19505
20185
96727
36372
77084
37933
62672
46902
16414
78243
24792
45811
14487
7355
96940
33583
6247
47042
859
98810
4706
4112
14409
39697
68738
50254
90162
57044
65940
76752
73470
81749
6129
50473
94823
62292
47531
31221
43901
42927
66908
8142
4646
95641
61502
59646
19810
28401
46052
87425
12856
23000
39840
78592
73771
27718
28283
74418
9414
75269
16934
35389
31136
80366
34739
80426
80877
10192
42101
236
8598
3193
17918
7892
64270
92776
51565
18773
84666
79609
87019
85156
69801
78498
99374
9331
26261
30409
74990
98990
19397
3440
53330
79760
75065
75772
11471
17147
36251
72472
24299
19542
1540
43711
64189
77678
81452
74480
81062
30636
44150
2481
44131
52039
69128
94783
82694
20006
36326
50792
3833
66039
77959
57783
21405
23471
62918
99468
42042
32974
34147
94907
63789
28779
81734
26644
27973
68687
46711
73354
25632
25991
55037
52282
3264
77662
14251
67418
64942
66793
13841
5509
96342
52267
39557
88101
5480
84799
32130
83405
57146
68752
58777
99862
36730
48199
70863
6292
42817
98546
37317
79501
65836
80810
86382
82489
95172
27174
33224
25587
99425
66436
79602
19377
95733
93833
693
78824
8249
74732
99365
66004
6428
15868
36600
50115
49733
8808
60508
75096
86068
46022
68215
52066
28847
55486
24092
65473
55484
867
51120
10143
15913
35563
80390
22072
40516
41167
35781
68912
76972
61735
28975
69769
71869
41964
98616
58808
62804
3779
64456
52896
15274
34546
86393
52996
335
31496
31177
73401
9808
2937
63791
18329
83458
59945
43610
92539
63357
93922
6150
63949
56769
50684
11416
73874
99419
88771
1193
2826
40066
45786
91967
73609
18567
93515
76661
41547
38039
75114
9606
10360
57549
85240
79638
93653
64083
5439
84314
83810
97839
31113
85154
37796
80722
64378
76751
7811
33193
11519
62365
6225
11375
65941
53002
72731
69581
34447
23383
19807
42209
84944
75717
93858
4745
83561
99450
49209
66143
2785
78809
39540
89423
93208
49994
28749
23065
49745
39777
77914
29448
79793
60913
53024
93680
46010
67424
24808
34048
35241
28243
38860
33603
48484
91916
61603
65000
41308
15732
53123
43451
55275
61656
63555
71286
4213
73245
56071
84447
99991
74778
75419
39530
62579
41398
97535
2154
88399
60732
9838
24151
24812
54349
4328
33639
4238
80275
19658
30205
93825
12800
25728
2315
97900
99363
88521
68281
50076
67210
17661
27743
22750
31983
97601
79177
45247
41247
51745
33121
81454
12607
1650
4275
95794
96608
54210
92344
77370
84149
90625
15570
27521
24351
17301
69213
60381
6294
78183
96308
27855
40078
66191
56230
52942
87581
18506
62164
31083
54814
93374
60574
19416
90931
19909
35426
18942
44179
90535
12349
97901
37229
88678
36034
78426
12699
60922
85362
65801
37242
62144
13159
69690
51905
51401
59531
28758
8775
47840
57571
56087
38536
3150
22828
92614
70715
15372
79571
8077
62836
73468
51659
69807
77823
61125
70472
98348
83882
18464
96293
3010
76626
30275
14259
2456
96013
12583
46537
36026
76663
43637
77905
18572
67933
95332
28653
74938
3718
13758
45234
84395
57513
23477
48961
53765
65788
37483
44821
53129
52453
60180
60251
15267
23339
94192
8078
86281
91840
5949
15483
56028
83135
74533
86938
49345
50495
30798
60041
12676
69921
4184
4279
33298
75323
77927
8154
51261
80267
53269
86231
49949
10014
4164
74935
75100
96709
47449
94015
814
21371
32990
7344
44117
71249
8436
66587
32649
14238
72708
34607
32455
20065
48917
49598
73232
62891
93198
27397
98134
59424
82314
78025
66662
83897
52257
7670
8058
48620
65720
12608
79986
56555
24257
13393
64388
40751
34849
35181
29463
77536
52730
26298
34022
37316
37549
2058
28918
18798
54628
86828
81662
14489
8987
45356
67427
14554
11964
50088
14232
93592
90056
32777
1988
37624
61584
18988
10985
39957
97362
15045
84728
85290
92302
60849
99143
18995
80619
5365
19509
59047
51527
24425
51205
70457
40986
93358
92942
25937
93290
56491
90646
8222
85161
97767
41210
9831
84021
12457
6986
75776
48815
51051
4656
1379
99954
12361
89296
418
10674
3875
14897
16536
49423
71602
13971
80994
10798
8467
63382
87090
19596
19701
15939
74777
23122
22799
58048
20436
24725
83789
70348
53398
45723
99949
18848
72125
63895
57272
60106
99007
91230
87268
11843
75670
36808
67624
7725
68820
86960
16889
86707
55360
27194
50388
16147
1287
2786
50549
92171
75968
53392
23838
76472
34544
36194
51063
88982
90988
90951
81708
26913
25658
61742
47040
62737
86269
78876
63643
70246
95502
92012
18084
53613
90966
89731
18496
19042
48288
75951
71587
58170
54750
47557
90681
94410
53435
65731
30387
99461
84237
66255
29882
61405
34824
39718
40832
17567
36786
98361
47377
77244
7830
4150
18628
32872
5515
23408
60941
44490
80030
13183
20503
2236
29372
43905
57328
44533
27347
53098
72609
93225
84450
13700
40045
82122
41238
35334
22838
15927
62585
30262
56558
62699
94766
39805
89457
58974
9983
10852
19497
99413
5519
21721
89986
68312
31673
55267
26736
63944
87293
73101
9971
38295
8427
99067
28080
42325
2722
39314
89373
25886
39205
14200
41681
72827
73150
33675
84407
81722
34333
30408
90435
63588
8107
75989
1380
78821
2022
93419
66514
66493
75493
64608
1912
60945
68006
8194
61023
39200
19160
2895
41520
6797
19653
16009
70553
444
80623
74423
91590
61197
55461
91426
61847
34793
31511
82248
42526
18485
85461
29291
89250
6673
19349
87040
97890
81447
69079
78235
37278
21505
49635
99187
18246
75976
74832
58952
75178
66769
21767
68682
57626
81993
81384
38822
60401
47171
39577
4783
26656
32451
63647
911
26777
33970
87664
35555
16929
44724
89090
53881
32178
49460
5863
54314
38159
8510
57850
62874
64690
85794
44181
65528
76212
26558
94792
47988
87260
33798
5855
44069
37759
37698
34636
89582
19342
16654
16454
63649
19101
36572
53266
84744
51885
75266
76691
79487
86161
518
32688
2005
16715
40169
14563
99826
43273
65302
30838
41650
62447
95382
87110
45499
73603
25617
81683
12580
4283
54010
70559
67334
19849
42691
30509
31016
26331
9127
9480
44081
40816
37404
87071
79225
87786
32858
52491
57438
70575
25472
74470
49524
28236
61241
16258
36092
91318
88279
65334
86573
57530
49443
80484
53923
35928
88203
62558
63204
97233
89145
70786
19400
85649
5728
25326
19314
72409
55895
59282
4016
36085
38013
71743
87329
38384
9654
11730
55717
77579
86376
673
51547
18023
97783
79045
38489
84093
41343
91919
71705
69597
98526
28495
76339
74464
89272
76063
99146
93642
54223
1561
34574
92646
30514
12766
23984
34128
86467
95919
96534
3054
65964
70976
69297
10004
82017
83735
45060
13420
8993
19892
2171
76858
61631
62880
16022
10811
56473
29364
77282
11174
15299
99651
99006
64383
20593
29162
72828
85385
52503
98737
82148
89187
90408
22585
56759
17611
95256
31164
33517
24073
87820
97393
41436
9118
85441
85502
45841
80355
49921
69638
13530
74441
27545
93423
66575
83548
53018
35250
59278
84983
76694
83313
34783
24493
52711
20297
67571
68299
62879
42237
70321
95245
86289
36472
59549
77835
86186
59204
94802
5449
48221
15609
49750
6126
19537
29124
44600
58402
99014
9790
67721
40025
32548
90929
25053
75754
61422
18799
94807
920
60196
19981
76977
46326
13932
96927
82070
98814
41053
17378
43936
29916
58261
51926
42565
54328
54988
33892
74271
90045
90978
3597
10946
22615
26340
49116
5254
40533
34820
62056
42897
92040
3315
23505
45629
71078
41819
5377
56027
67385
72440
1384
99872
6062
68840
25902
70028
65096
46872
78404
88909
76976
21720
89270
43623
46226
40375
53003
93801
42315
44389
4763
30115
57297
4289
9968
77679
74934
61654
3401
34933
3215
23779
13747
27927
25579
35943
21397
62254
77917
6501
14603
74060
17790
80929
18646
99190
58703
15882
14735
23031
67662
44436
42245
86989
10928
12370
96697
20301
50817
37960
26451
31295
6470
6006
96231
32247
16126
42689
77567
35218
65499
69935
12519
1337
42967
62412
69796
4680
39451
1227
46674
69267
66987
15742
21961
19094
83655
47857
54207
63938
87218
21256
42428
16554
96331
20222
19036
9226
53850
4183
1800
88960
62295
67807
14795
65551
43882
97424
10336
83989
55567
6342
66832
64691
82671
27991
97272
56710
48780
26517
50104
44970
43536
838
17368
84249
3794
16950
77114
29909
38776
69361
6726
25069
75479
97736
15065
9969
38650
17462
40204
31822
69162
22555
6898
69906
71651
56162
1948
56459
17129
54368
27580
74800
5889
50040
69802
81717
11445
44837
89163
53607
50428
23474
79252
9448
27087
53724
97953
55139
98234
99850
30823
8990
51830
66053
21933
61562
54808
72979
72667
71594
48284
61356
50183
36263
93978
33787
81876
17326
52745
96576
83514
43465
4957
96495
1201
84647
90271
66681
12500
7140
75792
37874
75342
46045
60235
89560
88677
43865
82375
72243
65023
36094
59919
77064
88123
98890
12541
56076
48031
31130
9300
25191
45630
99602
21794
86275
55650
36172
60181
9206
66960
60987
85335
62393
18157
21107
65852
54201
70853
79999
13827
71075
85324
79315
41777
56252
56747
45217
19443
61393
70692
91255
51692
67764
47164
54136
21048
57152
79335
84087
93373
48589
46002
7300
39960
87319
52319
39761
65240
38596
98064
3260
93756
56676
80387
20156
7823
25985
68608
98753
8916
70030
12413
71436
34268
41419
29409
54687
32832
46525
94733
54341
61182
38263
70567
29888
65118
97331
70282
78124
42948
7744
74236
3627
21990
6562
55770
75408
36185
81466
63629
32588
35282
41368
77129
77417
69962
12278
1241
62941
16017
84509
10538
14130
32115
72615
11685
33037
42690
8239
42284
69578
18777
97664
51441
77094
64306
16896
78772
72687
70881
35989
12381
10995
22522
75144
31884
10936
32572
98088
19843
42892
39165
55429
6322
12935
91694
9293
42819
19699
95136
86903
36975
31690
78671
24530
35281
52382
62081
22976
28184
21291
11899
17951
62472
482
15690
97506
83273
40087
6995
66752
617
70991
33405
23663
88901
4887
16282
87587
69599
62180
41533
43584
36873
18785
77123
97106
49770
85823
1671
68060
7503
98485
60134
52301
23936
16480
96468
91986
55385
57101
1985
31272
67808
58857
73588
78683
37613
48671
87359
42072
49232
28891
13063
23337
85800
14907
4118
18783
89089
60814
26280
50801
