9930
21157
41240
54524
59043
39084
52415
69281
43344
29267
45032
38787
75189
4535
29853
690
69728
39712
2979
62792
29810
23472
69289
76724
37747
4725
59958
9911
95291
2769
51891
94901
88779
13349
98427
64207
95493
43449
5790
87421
44091
83301
99555
18097
98431
59766
46574
28553
31738
4311
11848
83993
4414
16673
13073
71966
74277
43851
50455
91421
41582
2419
67888
8710
19456
53217
71500
747
66655
13919
12796
67077
37147
5456
23822
56549
85346
28905
11614
39928
84198
89757
1129
63986
2652
71262
10164
84871
89941
84390
66743
15002
48076
69582
77009
78974
63436
41691
61162
71326
20798
18199
11015
18939
78898
10440
80765
69631
98585
8686
67852
3251
8899
46464
76774
35477
23311
95328
42026
86464
64858
23351
23361
49772
70472
99472
88286
64679
68754
35184
10890
74694
23966
66380
32935
6060
56721
41034
7535
31296
52107
30951
48631
89719
16265
445
3333
53006
64311
7374
40537
81681
47694
85725
90541
35119
14776
17290
12976
38486
33175
33585
2777
80529
91879
4466
64614
28928
19864
56098
81396
37268
42770
74454
68542
57043
24030
99171
11161
36077
98947
60509
49342
65604
99204
61937
80607
19029
82921
7954
22878
99501
55355
49938
4416
55339
52925
41519
38289
51311
54002
36363
81417
978
60972
78685
29905
60603
17723
76268
59360
33965
85904
83349
86492
64403
82544
26487
8840
84830
63703
64873
1180
53817
4722
68376
59264
75109
81924
72455
24229
66072
68107
39639
52826
36378
19748
10141
34637
74389
6061
65918
85826
18002
90376
25611
53231
6198
20107
64335
33098
35258
1232
69902
38869
43898
66802
48598
27003
91828
18140
92228
12306
79117
76699
32410
99020
50069
88037
77818
30625
57392
45140
59193
28511
53004
64142
68450
85501
71574
33832
59898
31626
58073
14617
62545
99285
78874
62963
76076
90642
48741
34930
26652
62767
93977
42617
25062
58024
21935
15903
24775
29723
52381
89612
34957
70991
48122
20760
66148
82197
28540
74158
91514
78151
92520
45619
25553
11445
37916
65228
47460
33107
93823
94425
65772
79526
33985
69445
66667
49827
99697
25441
84906
68208
66982
85277
30907
91910
99648
91586
2594
11181
35618
60629
11942
37780
72388
52569
87713
29557
88282
30396
31747
36625
56960
41767
8576
87721
383
64461
8103
6521
64826
78646
11684
23879
83809
16052
55931
44295
61503
38648
36934
38892
44206
95426
67190
75330
45685
58713
2093
49034
83218
85391
91507
48117
97816
46596
56933
28281
65242
39836
55003
85408
48028
73778
95001
66096
11419
84709
32144
86878
30706
53607
89078
58907
5693
80730
76227
49994
97723
51326
83660
71117
73654
36139
92356
14160
80095
60499
84796
65024
12160
6202
14318
27302
28497
73248
51380
28090
33733
1207
78438
2184
49322
54306
84434
64618
6875
79045
86967
55975
5551
15242
1151
91520
21688
49953
12904
48034
71191
89140
99571
3787
86525
8592
81884
63007
73799
89921
15171
97253
84928
92715
11224
84905
61322
5906
44490
23235
87016
10558
54823
62778
41627
48721
26568
47832
56792
25180
64876
7253
46812
99805
35646
55158
99245
76320
32287
61111
70202
70172
41390
73988
36016
57036
24840
68875
768
53105
56759
68182
14262
64079
52176
99072
18885
48354
69978
81563
65482
8897
46512
51423
24630
94168
24347
96710
26791
52072
17780
94022
59129
35837
85107
27165
64173
68903
88952
48229
35404
12097
35573
40463
2405
70985
93703
70934
87480
5725
56538
82216
50642
63132
20471
30217
81281
20267
74914
93180
98704
24079
5043
48823
15935
97864
8698
81383
35046
11551
40997
17634
83020
68922
21080
35765
88989
5937
83294
50417
76944
52764
80487
41892
40827
19639
73540
76274
27087
57415
59949
52842
66298
69924
25671
92331
96581
21267
29182
84910
88404
58121
8468
30135
38324
51225
46383
58661
67514
77368
23652
17756
51271
47419
30236
85556
44528
74901
5473
9816
3756
99487
31388
18490
91421
45302
95703
99076
63300
9110
81084
14706
4650
19951
69164
98082
50142
20231
25483
68047
25029
36695
88763
34226
66055
58409
36201
13771
88164
92639
34268
73246
64925
87787
29107
58779
19476
14491
76387
17988
83947
80204
47649
17530
63265
24341
75539
61067
58596
45153
95093
2427
2597
59154
77711
71926
71343
96256
21384
22270
97489
52736
44083
82531
62079
43858
88691
97112
29899
35535
2648
73551
4437
33337
21598
35068
30379
9209
85771
34962
36473
10997
67278
74947
32197
407
3757
32978
95895
215
47183
59109
446
74511
93040
25333
6460
18418
28202
23696
91328
22612
52364
19135
95780
13198
56142
5147
11143
15321
30046
92001
86307
63706
77353
69605
98910
30738
74779
62842
31262
72228
6097
51905
62595
53924
46241
37491
22171
43082
23331
80369
31615
31570
64864
64318
53273
50712
45752
26002
56932
99532
56880
36810
31848
61927
18658
5817
16112
53475
46327
6104
2567
15534
65158
1380
65886
21220
89855
22146
23496
22558
10030
90714
33972
74437
9186
36215
57117
72810
84145
13642
35033
15385
86411
17521
6475
48285
68722
78441
47710
6991
90600
58160
31277
93803
98223
96026
43519
43699
75882
57735
43106
39512
7
29092
28770
9599
60984
81085
63218
21779
89168
29030
39565
46175
68362
72758
9682
92886
60560
14073
90333
67436
83320
98043
49222
84997
13430
4655
70115
63774
9294
46064
40183
61906
63142
53057
11870
50276
29500
68641
53171
68780
25195
30142
22318
3576
21301
32341
60871
25098
78162
1546
30633
32006
35811
73167
68287
6478
52134
73761
45613
95612
47620
40481
15302
45417
59117
95297
77574
54389
2529
84263
41778
14674
70676
84098
62539
14532
44629
35796
45512
62029
36955
86359
49469
88890
55369
82688
90082
54318
64660
64305
3017
2030
81378
54540
18637
54988
86083
15913
92378
43541
80783
11217
97596
11857
28468
6933
30810
51395
64985
37740
59746
11003
65727
88171
63232
6378
41049
14140
42385
61475
72912
2945
4488
6423
30139
42742
43593
70998
85990
35312
53432
20717
93811
66863
98002
15105
79504
16835
52409
35563
6655
29610
33930
22998
96443
73797
27690
90952
82262
66434
63252
18421
22956
99658
65501
35589
15433
16790
13313
9328
44811
66169
59393
26316
13319
5875
931
83583
28877
47884
31876
57243
65132
23081
25247
63107
580
2869
897
99690
44292
41163
61440
1586
60058
28294
38981
36481
64369
98380
44784
36174
67203
20778
35639
