37851
81559
98803
38905
907
73484
43662
50550
127
81962
85952
41838
97393
27731
21991
99517
17178
61634
8019
3889
23514
6224
83296
87897
45373
82483
94336
17345
86686
16905
29375
47598
36496
64990
34478
49771
40691
98003
68410
48952
18982
61976
46129
9218
48068
86037
86341
35112
92842
27110
42198
93768
65274
25913
37330
38816
39695
61541
59664
70296
47269
19187
42658
67597
59114
96507
51441
71686
53485
29615
41449
54059
21091
74516
25463
24059
76480
9603
44194
51110
23647
65869
74687
72516
5061
17181
95391
60376
48897
59232
45259
23897
83961
91713
821
54711
71008
57594
52589
86864
