43303
27730
56669
1273
13349
84893
57202
21512
81084
22006
6798
97253
89820
81684
52189
62722
35634
42198
60936
94946
79678
88737
74473
22865
97262
27496
94910
67658
31667
54039
5049
89599
44484
58335
34614
89459
26068
93789
28738
62122
38356
59046
62469
45004
84613
70109
22584
16777
22792
33738
6998
97217
85717
10541
52034
68738
86330
88567
45684
21891
6473
69417
20200
61478
94867
35429
35530
43186
38453
51518
56578
53860
57988
56614
7570
37595
58196
14282
77973
21733
864
87698
52702
60618
41
29746
38636
65673
14986
22091
28646
69001
93518
83610
67020
7366
98536
80712
86610
66811
29904
20475
40734
55688
13246
5561
40842
28858
16658
72346
59114
42287
75812
49511
65436
75230
14999
29723
77122
40964
66123
43669
35307
10556
57399
2717
71462
24695
50806
38613
60761
65547
98
18617
59464
41018
21707
18551
62058
4951
23880
27318
51302
72899
17294
45949
73299
44606
41351
81542
29133
99065
74215
6943
99205
78716
19338
73847
9963
88937
28528
10446
97887
51738
38148
35601
47464
84196
1325
97025
79592
5539
69378
22105
26712
48632
56918
20502
29585
61699
5408
40219
19494
51474
34851
75398
65653
45673
12780
81762
95563
45619
21326
1679
34219
29889
28023
89165
54550
70162
66219
12833
32267
51134
22613
35132
77087
39711
54622
56612
63290
78010
85101
3615
15763
19583
80649
73289
87677
57885
22617
27680
38331
72789
28038
17760
41624
4616
60365
702
62971
48423
57766
33874
87134
62748
4804
13602
32137
30936
866
94130
31140
16606
72157
23431
1521
43099
53673
37438
17054
95122
78891
6447
99905
56214
15095
15230
78508
82202
47721
48479
86483
49221
10548
98909
88656
5321
38994
48557
80007
96738
25557
25353
29156
85606
30050
57041
79461
27257
79945
56602
93017
20122
18729
81912
99116
70813
64996
69491
1120
35921
865
60683
43983
43186
11559
86421
83362
7428
54591
44522
50883
79258
54782
72013
19005
29791
86287
77981
94057
41693
17004
84103
20057
29159
84644
5144
83441
53119
60595
19487
5993
98376
39464
91322
80796
17203
17868
22614
50803
16174
23560
66359
99345
34679
97079
11868
60310
12120
21763
9647
68149
94356
48625
96444
55295
58426
5895
78750
69194
32862
40261
725
66248
21276
41057
56091
518
20701
50151
30008
58278
38951
37990
92184
11143
63463
98312
95621
30285
30009
59871
60424
74563
39070
49498
33412
26683
43202
93225
38076
68147
56976
51
54019
25139
37691
70560
65950
37798
69406
88866
47161
97483
43506
33212
98057
47304
45442
78061
86515
23189
34032
88262
3451
47947
13368
36037
50036
65413
8736
48249
72319
35278
38717
37878
68236
37093
56624
10680
64372
93860
67498
23562
9782
71310
58700
62173
80612
55465
45766
42574
22695
37053
41520
64168
96188
6784
27203
85689
17191
77443
70934
3946
34197
77024
87425
43760
82694
58922
4640
30012
86723
84860
70530
98879
99913
26133
63700
16180
42101
92703
30791
10120
35156
26361
35873
62527
20969
12937
78523
11965
46307
65026
24158
70146
81155
72314
44806
8222
29791
15767
44369
81785
11910
83515
76575
89293
53015
95327
1323
91956
55834
5498
93276
32058
60157
72244
63781
84643
65216
47828
47058
92003
79069
61249
11826
43618
20278
98611
8117
12812
74612
68600
37580
19335
87070
10870
88218
75415
92829
55714
22780
52488
53989
16793
26082
24706
78711
71679
1482
85199
31595
70940
11317
46260
20928
93036
81530
45567
81151
3819
41084
57331
75669
16366
33714
83722
27473
6822
96495
97798
83220
86243
43029
82656
75152
45359
58141
8932
58293
43447
22529
52818
95512
50328
985
91299
74012
32585
4001
83097
81187
14736
58724
99608
70819
77893
71778
54441
46270
35519
39866
9099
81171
46264
59155
58796
82712
64893
8499
3244
16574
39881
39244
72287
87265
23671
50318
35307
4981
11796
60725
48279
86601
43182
16451
98560
59211
42629
32932
83806
13514
36825
38044
5779
76178
21415
43904
53092
35697
95739
86312
33688
61417
51040
72069
55848
80780
92622
13805
45340
27237
9048
19856
49584
5847
5882
28844
10824
68823
39777
3811
25634
44461
65241
41002
33859
96318
36664
89804
73408
61115
35836
5199
87425
74927
68072
59571
5473
38346
65403
2268
21577
57026
81043
31238
93185
80336
96754
32091
72079
42874
20826
23727
29030
63073
54495
27574
78416
4575
82935
5556
15470
10308
89543
13082
50920
69852
47953
23076
30425
74235
59012
16684
7587
51294
87371
19078
96105
95921
1026
87962
56517
15229
81879
30625
94621
86086
818
81749
53956
46988
56379
36348
89965
42988
21753
45984
76625
54783
71460
50107
31208
57213
95321
27831
14000
57370
26803
3913
66098
55920
93175
22972
63225
11142
32708
58957
16762
82942
34246
93195
89482
65955
38130
14073
50036
4996
72032
53392
52406
58549
68641
8874
97151
22079
47342
7216
93096
29208
36253
59603
42208
54571
58319
17409
84988
82446
3006
54894
47360
10655
98903
18464
99099
32545
65128
26915
73450
82614
25179
86439
76930
15646
57950
82256
65902
84076
79878
62426
91986
84788
93116
12890
59851
55560
50689
40496
51002
70026
15131
48172
9107
95622
46623
76925
32800
54476
27483
64716
72778
59064
26623
63313
61697
12333
24525
68070
4269
51643
61345
13021
58145
1530
90585
6692
11102
14080
51574
30767
28294
94559
48014
73020
41288
86822
5466
60485
42327
28452
43205
6116
93085
47028
82768
66009
37843
91758
60520
59473
58436
53010
54832
27156
16172
28430
76931
66327
89883
14510
74673
97098
84976
65534
97532
40746
81
67038
99447
89481
75161
25163
99589
79470
84684
41952
96985
25735
71707
16894
31442
59170
60347
90082
20036
4337
6449
8676
70859
81067
92905
91959
99236
62308
47643
12857
58725
56699
25172
38636
11477
79414
79628
95560
45271
41316
41043
70348
28100
57225
12691
48194
34186
54321
19659
99033
33644
62366
83660
59389
63367
52017
43849
80085
4387
78166
34289
67604
52145
71761
83649
49617
96867
19642
70872
58309
84582
65481
90735
10345
90140
52320
88082
85043
92979
55909
68332
52303
76494
10921
69853
62553
63247
83315
71084
227
86728
63491
39021
6441
16251
80992
5245
79959
38115
1270
88435
52266
7970
12200
71806
51316
64647
70076
11160
15138
33204
65418
39340
17647
73052
47613
91915
90140
87733
14033
97072
22225
23390
85888
56675
84039
79783
83614
18818
29956
92159
83013
22918
84361
86210
16249
91812
48988
97098
92879
68159
47335
38943
98227
97273
76938
39355
20447
27196
66602
10211
40531
85020
16028
64107
54848
43993
60549
82773
67281
99327
5611
39347
46339
14434
39568
39212
59619
34765
62890
85205
31857
89600
92015
69251
13807
98812
59142
22189
24675
41670
61050
2394
76922
57141
36049
16018
92306
5476
77232
92849
64513
65421
97965
74086
23653
98229
90379
86307
83169
12736
76016
89297
2927
31898
41763
96715
48257
23958
12852
9983
11885
73944
90432
34944
72833
40154
76053
77883
9834
77982
7020
64382
48873
26641
32881
39886
21450
62216
20927
12848
85840
60639
22752
80344
5516
52520
730
15996
19196
14556
82804
24139
72845
7113
80434
94510
91973
4633
53610
46442
4801
34260
89732
85961
62242
94065
24254
63941
69496
19934
54953
49384
7012
28277
14958
20114
51468
23885
49989
30765
3685
24304
35211
58523
1957
34241
13896
36049
84241
54163
52970
83822
25411
60170
91877
81581
63349
3723
43627
63327
67142
37848
84079
7641
36906
21942
63246
61390
28631
19842
13699
49903
1257
49952
311
75760
59105
4271
86729
30617
40507
81803
20847
53279
98838
27313
34074
67881
2493
35399
27648
21003
35859
74535
3579
88745
18317
13544
43080
59965
17033
99431
64109
66540
87489
5657
59490
90138
9258
23671
59219
84278
70487
19150
73754
94623
96150
2831
99699
93239
35287
23753
34731
11855
97530
69259
60077
22892
36191
5303
70289
27937
4768
32889
64020
72256
85909
32858
26289
95455
24
48907
30688
5215
84174
52757
87384
6741
77692
69483
81062
40047
84806
81529
41014
31736
44653
36117
74284
17350
59152
57746
78487
70195
72683
92683
39611
42531
31678
40628
56730
78419
50598
31833
99135
56586
11266
65650
63475
13852
34717
31828
72423
19683
92389
78987
88458
82805
94432
57906
50
59683
17753
20946
92268
11871
43286
58134
13962
50918
10605
77870
52801
15668
49684
43634
85996
27184
93777
1771
84165
9996
27778
31040
27882
79343
84111
61300
21712
44958
2431
5898
17783
81120
80182
84419
72756
40675
96088
9383
95182
26885
70282
95330
57387
98659
88227
92057
4469
7467
43174
88180
55279
31273
98912
94282
7012
20897
35766
22654
20779
84878
15383
76637
67461
55793
2651
21371
29682
99584
17702
881
87779
72762
24586
63385
89305
97477
2589
41569
30649
71146
66434
43918
64360
7085
69882
45626
74230
96700
21220
87263
24188
92438
70606
96005
67065
56595
54769
23940
41351
87859
6950
76623
17346
19962
94510
96102
12584
78814
18213
12063
70694
45183
70840
29432
47279
53174
50737
87093
66146
54077
47986
99629
65134
98021
82425
56089
3544
70665
80326
7447
30291
22788
55487
18857
37390
33021
61101
66962
16141
9810
96924
57512
98044
860
82911
36735
1469
41705
82956
96825
28491
87393
39614
60051
73148
63610
36645
70170
10761
17296
11488
47983
5
34497
81500
24551
21566
88570
92625
87917
59324
90670
9278
2862
52516
39740
95567
55265
50949
30240
61995
2794
76783
30317
51600
98275
96311
61188
65299
87431
29420
92610
67543
92520
1632
22535
88540
21414
209
90294
24213
89875
10179
50096
65513
95017
74549
4336
51504
80971
2
90477
67568
98787
13099
52037
14503
1144
18629
50172
50079
23442
19145
37039
86130
13388
94695
9531
9746
19102
83803
46749
94140
48510
96921
14351
18062
40403
97441
6179
36671
24485
22486
10171
17643
12483
29618
51798
22575
6316
59113
45142
54158
22238
49521
70011
76054
5000
97537
2258
55714
20886
47475
62698
94549
66239
87396
48418
93890
56236
89622
16584
35088
42615
71538
49930
47091
50671
30062
36095
83452
6080
72425
54441
90011
33945
83666
58634
43383
74091
87415
77709
38699
80407
59922
26957
15236
44541
43883
25783
78646
23040
35475
24964
43987
68764
13686
65705
69864
12275
10789
68528
70119
61779
82115
59004
77801
8820
77543
13071
10453
20080
23167
90519
42442
91512
5834
30105
57122
4085
67538
19932
85821
18203
31727
59429
63425
82434
70021
13108
96468
20684
95765
98981
72995
24848
36000
57124
15359
64242
39914
71313
77764
94817
47672
69513
41523
86907
33206
78774
8324
54794
95051
70894
54251
2619
40235
52078
96282
16532
15546
20860
50883
32865
56547
7067
79101
97615
76194
74280
67005
56420
76307
3091
80497
7967
21101
18383
19883
10134
17572
44344
35307
64513
53576
73758
43567
97584
53084
56053
12101
53058
13936
19999
43100
41801
15281
98650
13557
14486
38514
16623
9283
84478
10148
9993
37829
70990
60774
52026
36184
17990
77566
17873
62063
2657
82511
56819
73093
56751
86083
29837
15565
49541
11723
35535
29775
18379
54941
91819
63103
94998
12102
6855
72061
76700
25795
74741
93408
35412
14318
47544
90416
23610
4248
74091
57524
76317
36661
56476
24171
10848
99670
72031
13102
94523
60270
43809
58223
6227
90348
48622
22609
2270
94024
73878
11206
61743
21266
30890
59991
24199
78998
92522
61443
71268
50978
71302
72132
17043
23529
2241
47569
68976
74248
90346
71366
81182
24505
78324
52877
17122
73758
87322
34422
88308
48824
15830
29891
7846
35056
50420
61327
19694
89636
11072
36614
7608
67382
85468
10803
78044
65824
67183
33840
33372
76288
96366
35375
82724
29017
64097
8710
36487
85060
50200
41440
68154
75025
64036
34195
94044
46179
32943
15535
61165
2044
56249
14408
11543
1025
1954
85293
92239
91669
20073
87586
51247
75864
39464
19665
85078
94532
8447
68418
57744
15896
18889
62475
60403
59771
50290
29665
37565
91795
99791
43118
82340
83491
21079
92771
10335
94111
55487
25364
17299
27086
18675
45203
7770
70490
8652
98073
77221
69949
61805
74803
56174
31518
35834
3203
39951
9579
59626
38130
25204
17168
95457
9039
83954
20167
22849
35987
79312
50968
87897
87281
34850
82723
36139
94354
76941
64543
86647
54993
1729
4964
6658
30716
24923
3927
46777
5045
61718
47153
81676
637
5548
60220
89007
69350
28861
13170
56418
40865
52370
79100
39594
79221
82021
65662
84431
63384
5679
55155
19059
18310
27210
39737
60488
10777
76892
16126
34950
62356
48111
39089
70836
35814
16555
62008
35552
15695
95660
65332
58298
27793
94503
26006
99950
21162
11495
57892
64316
92819
97015
31236
17908
48941
46894
95623
55875
68474
73850
48363
76431
66186
98082
57761
22975
53558
60157
93216
23384
95246
97375
51152
32425
8859
89631
35514
62534
18649
27482
42825
26311
38873
72883
94619
64587
55550
10619
73080
8592
7959
18965
70057
35743
72606
3278
12662
54318
39961
58456
14356
63443
81216
73572
31770
67501
8270
90792
95297
3279
35760
71138
17651
8927
48559
1101
13060
33052
73306
74474
19170
66433
20257
12543
1136
3036
37404
18556
86170
97254
43636
70910
55281
39541
86561
86907
64832
42029
75277
1129
36769
74996
80533
96058
94764
15748
20585
80620
35070
86898
15871
93475
92316
54933
13928
69616
40517
98431
13136
87359
44515
40119
22681
70246
461
49653
80025
99719
32861
69341
96321
80238
19571
3041
20636
72653
26564
99682
78600
61410
5006
41174
51067
56930
43320
46837
70936
20843
36878
80975
88771
819
9732
28721
63502
56373
39734
79560
32925
22535
41690
60709
97722
28295
38448
84322
79982
17326
89220
96355
76568
87313
36353
32921
43877
40176
17555
55973
5292
23295
41340
20411
37308
11169
29055
39122
17967
15845
29856
52421
44693
87225
59263
47654
57108
64336
53470
37932
99503
20356
65675
41989
53556
72867
50479
34044
4278
41955
95985
11073
60147
46805
96690
91802
77389
75988
92439
47902
76526
57304
50409
77154
581
81001
95784
86075
93423
95304
62802
27904
77831
55801
17328
66064
87908
34658
87580
5814
69020
97104
36373
67050
10885
5094
48919
94456
34372
5520
11299
45244
51866
16585
84377
70860
11720
87843
598
91288
46227
13994
83476
66148
32775
5196
68006
15384
53831
94793
83237
20445
60704
46292
59089
93570
20867
97571
18184
13472
6195
30697
84380
80113
47683
3311
29976
88298
78822
44450
74350
69066
88739
81039
15183
91787
36197
46073
89762
78014
61593
5939
33144
93066
72158
93760
83016
99399
51519
11371
4242
8274
66620
9444
69821
17038
80548
94062
38375
16522
87158
93458
54536
17640
98585
99112
10408
924
92096
65988
10647
75133
37044
41443
5072
68999
92983
78973
32718
24685
26620
72905
2929
64261
57152
83817
18845
66916
87273
91888
43267
83088
3072
12403
32502
31803
32870
94570
3777
26190
72011
51134
38806
50159
33085
40350
65760
74647
42883
78785
85464
99569
9662
59304
86167
63717
44257
54593
58828
81132
89816
22358
2122
18001
66008
13005
62457
7334
96011
38719
52203
35135
87985
82546
67347
28660
61607
31228
85076
96074
43641
77272
31365
18301
73744
94799
19497
61326
40530
61725
87934
42196
8167
20598
92274
94194
3111
60066
76205
94170
91358
54745
55390
51224
95739
7331
77043
48520
39928
53887
52499
94310
80774
75171
22226
52343
40264
54217
22260
56458
77508
65707
86479
43827
127
59256
27496
43575
14440
61792
38676
5011
40089
93449
14739
81469
88420
31136
35795
87404
84343
27756
88096
32876
97388
54610
65659
28408
80311
50373
57270
59185
61985
89073
9235
7881
83832
81368
19086
49004
54131
68956
61929
34857
82977
64938
11074
74614
62554
9588
23167
57151
48978
23534
11142
72005
15248
51120
80289
71214
99912
29665
36172
80449
78904
65655
30222
17845
88997
13225
63845
57545
43807
93433
29782
14260
14735
54390
48772
69558
67756
71857
64721
1431
86654
94343
54706
42871
36460
40545
47169
84639
49781
34766
81861
25450
77605
75317
91955
777
35229
88142
16763
5830
60484
52472
12422
85940
88612
75111
825
89817
3401
70093
6339
52116
72156
5730
42203
21207
25781
84951
11145
21204
7984
34023
50733
51472
57475
75619
50485
70419
85168
87613
89008
87149
66831
55763
43691
68167
38150
75099
90899
83504
74407
91012
27174
72763
14681
49802
64334
49808
6463
63273
11894
3709
37848
9540
8497
43918
38757
44039
4781
34365
74534
89721
91190
26526
45225
47913
63097
15141
43172
44581
70848
19079
35643
81406
51858
71296
39324
58084
32926
51459
26903
46268
33045
87984
17534
85883
76592
76810
45137
73748
20443
26375
52346
15606
70865
55195
40234
9019
8717
78985
65177
76953
98803
19372
23884
13292
15994
38235
98232
31682
41165
86715
64061
20709
70871
22078
11749
31756
28760
17850
81826
12637
58631
7096
99535
60992
38927
92925
79249
53249
65370
57471
17943
44775
86145
7786
43406
95490
36531
49563
98777
97769
4705
54011
29418
24731
7570
6348
58468
85261
87201
5387
15415
1791
11640
11820
18633
24221
76263
86173
62000
68293
1176
15432
30664
54658
4738
40822
74975
53362
61710
96008
89820
25487
80483
86078
94636
62938
56785
45733
5123
26615
60434
9729
96003
1172
2487
10217
3590
69836
70692
59442
38545
43804
44142
19153
82448
84865
46103
55510
16657
15496
8015
94771
34058
11250
64332
78937
47435
23434
26304
14636
13314
47662
60996
16705
13409
97506
72096
53
70407
58259
40607
72128
26270
9483
7953
99834
78462
78041
74636
3106
35321
31542
60917
74937
81783
48750
97915
72842
41466
94082
87143
51876
14929
62383
61729
48380
73130
55418
22432
77556
17809
50173
70560
28269
41561
80726
79031
89900
96144
68219
4310
49769
76377
59688
6889
58792
12751
38872
62
71946
56284
29531
26824
13555
91809
83471
10593
31950
66031
32086
17765
78453
13824
35083
81704
88252
49968
83365
66541
56846
22829
6435
73393
80969
12329
79446
22195
57922
22410
90260
37309
68949
66122
76485
88778
22758
27413
3714
18359
28008
7369
32296
36216
24483
35105
97516
25936
63760
69936
51643
22829
96807
90907
42822
48554
92372
9767
27028
66398
27230
69359
70311
63247
85996
60014
2991
37898
29234
55660
955
93829
83530
65582
4140
46771
73489
32569
11894
99381
80158
15596
91028
32992
24607
49910
19432
85589
83736
58215
50704
98687
53289
12797
55723
34437
71577
93180
52545
3670
11954
93850
48561
73745
94229
95957
75197
68270
36518
66603
96762
61338
63936
85949
2875
71100
57269
26953
22571
58393
77747
60928
38453
9509
77366
74330
67389
98370
17437
81879
36620
88325
3172
24696
76644
94084
15126
93002
2462
8396
43899
3624
82453
7447
68581
77811
79173
73378
99080
83401
37665
75284
97127
6638
9372
47503
77311
33454
35584
78338
75537
21740
19812
26831
30114
39101
99510
19886
54199
11050
43819
77956
53645
1719
33055
17191
97084
92371
43173
15778
16667
89500
1656
77312
46087
25856
20853
29117
17833
1274
17766
64684
17450
50878
71098
6972
23744
33338
83196
36900
64380
47649
51301
93755
44442
93449
69409
35804
26002
50548
18598
63451
31070
47050
23781
35769
45224
36154
97799
80727
866
72515
28510
98766
86099
53179
28143
65436
64693
24164
53110
53130
36398
52442
62090
55923
65015
49540
23891
76597
51309
73849
18821
63399
69305
91376
66868
61363
96793
50874
77708
5205
25091
8420
72387
40911
66431
1513
4760
22356
44863
53301
78988
90562
28565
27850
40239
99845
4752
82580
77300
20468
84129
57189
22811
81622
46336
25251
16289
24253
90787
18512
72587
37363
12204
91128
22656
15528
75200
36511
9123
25869
84268
56076
40029
22155
83048
92275
33133
19073
73030
96842
82413
9129
52644
87485
53482
81857
96547
44950
72986
59307
91411
46000
87605
63781
78322
67661
69176
48452
69046
85646
3851
94305
49062
73994
4408
21056
54097
69113
78023
74725
49526
30654
65986
92021
34928
60086
86428
81597
75159
1583
95205
70487
97983
15740
67667
75199
66498
70856
54733
27224
68015
98867
61786
110
97136
16147
60859
24583
25779
66184
56022
77996
97802
25320
30927
8197
2616
63161
20408
70309
85000
38276
19418
71207
29351
15978
52565
55624
77594
82485
15614
29791
93174
77254
74750
2200
22368
76568
83475
40065
52383
44847
10484
93396
92890
86038
46253
80562
4743
53407
28827
19834
15784
10187
68055
17491
64652
45470
96525
12676
69896
21151
46136
24011
5536
42067
85012
53965
97555
20939
65242
76388
17963
84877
46159
13908
61998
466
99702
39212
74242
66801
78374
42835
17019
64497
10372
58451
61449
32061
71836
84516
99261
21238
78945
83727
64364
81465
70440
59253
4067
91404
30434
42370
4113
87702
31565
29234
7000
53714
60308
71880
21741
14314
13412
77702
25154
73626
40147
85702
76499
33345
96092
8047
36373
62422
95741
28941
81691
1625
96701
11782
41359
12554
25277
75449
16258
39255
28544
81660
2911
3675
38088
78656
41662
16844
22399
81138
38778
65440
55626
56897
82507
28833
89017
23095
1035
98994
50538
22447
19298
19672
31118
26612
89229
48658
37908
74301
65913
15414
93570
18043
21673
70423
26316
24388
37708
26530
72673
92402
19760
18026
7042
44842
89822
70124
88648
92882
89436
75225
52437
69014
69119
81574
52905
16816
2995
70536
6906
82811
75651
12029
80356
97680
41789
2213
1036
10834
57193
95240
25789
56291
19978
80441
64245
97319
82964
97333
79451
72025
14245
30402
58791
1461
72295
99863
19353
30518
59510
30333
20815
84448
94844
81842
45744
98432
57160
42251
65953
7297
21758
39715
13402
17773
58418
69814
72447
6738
26020
81050
14587
14074
35713
15292
24608
86686
40127
61009
45528
92680
16124
49347
72307
12168
92371
52766
33633
16212
2699
44778
72891
16961
43588
83895
28482
96683
17378
48152
63858
7676
26870
32464
73778
21718
70129
77541
53839
5646
21022
71049
33103
93594
96571
93025
30546
20903
80442
74665
2149
70280
57834
39677
94882
49966
75274
86818
38295
58449
47671
59676
29416
4118
86899
63638
29151
19772
415
1260
85049
7269
8831
97222
38235
41631
49950
41149
95543
28353
76724
95612
14802
80688
99338
6806
27427
39722
64867
73671
30209
17924
33233
96829
66444
19919
50720
34438
15084
37788
63173
35160
98260
92472
41996
82249
96581
60054
32009
60382
8109
36070
31351
88952
89130
19728
99314
28371
92807
87316
95876
87280
73250
85601
46727
87604
61782
96159
96997
97445
16854
58557
73999
68988
57907
98255
11064
31065
22422
34397
68571
88204
76157
31580
3419
7065
35270
59970
67805
89537
64062
34913
41028
61505
52658
28390
37386
73653
28009
34228
64793
51501
49279
13872
59066
19814
69766
19015
3800
83612
59100
21705
93567
99254
49000
34371
73719
10011
80348
94143
31450
59150
8904
75421
23596
41910
24785
18729
72118
11653
57425
60146
92744
8252
20439
58836
74845
86643
92674
4638
21563
24402
26909
86279
51650
1966
16909
6173
74736
26263
17021
7450
61361
12876
66941
10655
86225
15948
70003
29198
74452
84773
50408
31943
90311
1814
57021
48272
30199
80152
97460
90289
70742
9880
64194
95147
77184
63963
53105
8996
27112
95447
97826
15534
7030
53210
91447
84948
43162
25379
33980
14989
969
51965
81466
47588
67810
49495
84720
11490
44507
67151
79903
62026
57602
55676
79542
49851
86047
98334
79476
38208
37071
99022
72669
44865
22516
85396
90976
50672
52511
36226
63015
39959
74831
18649
82751
68587
54649
36951
84440
76328
73640
26253
50571
20264
91266
17168
53185
66236
11747
41399
14972
82928
22480
1212
2618
71937
57309
19205
26797
59788
76497
50507
47667
29123
66882
70034
20191
65318
43281
27712
77270
14420
73979
45387
56895
40618
94341
46398
12323
57986
50190
9735
98869
33504
36551
76847
6740
48152
74894
9223
18246
10089
1494
12498
49862
38961
43710
84478
83575
89220
68001
71698
82423
15621
13692
6799
99956
37861
41462
98275
11768
62077
11936
73551
31820
82760
57535
72387
9374
27312
3898
14138
57502
3220
51273
91705
37627
55312
93805
33608
48826
74268
16972
30509
98672
58651
99502
72294
80115
77108
86104
27525
13258
74807
1402
64944
33375
78017
1000
19181
69208
60326
32666
71132
44950
55993
80093
36585
5840
1660
51300
18737
34930
49198
69449
49580
71577
19801
19898
63623
9228
96445
26794
58800
74712
34495
97661
54294
94683
3817
91828
87538
99454
88713
99571
7371
41090
19379
93087
27680
5854
21202
77417
25494
4466
18537
81761
44764
60197
1153
63677
53285
15218
44972
62563
20939
5337
31207
714
50076
26863
35603
15584
57917
2457
68055
21115
61281
54677
14839
75888
25753
90140
40653
33141
70795
33965
18160
49166
88325
72727
19221
93409
7053
93052
15318
15773
34782
24770
74785
31823
59649
67049
12443
60005
64661
91926
64211
1408
74016
19366
31015
80309
69240
97930
76202
23042
64764
85948
26080
31777
40254
61201
10101
91692
49677
71047
19156
63310
59792
1276
67603
79035
45806
20637
85701
51552
53866
64903
16776
9570
35557
30208
81625
10911
86279
33980
42984
78071
82308
15931
97140
36253
99368
47391
76483
77918
63524
23418
17574
71138
37411
14354
78309
33304
85410
51186
92017
16456
80157
80958
16797
58866
65138
20541
38228
35577
50753
11722
93553
90757
64821
22025
19719
97189
34015
54108
77100
56450
53779
52849
87725
35090
53664
6140
6978
52581
65475
36563
93912
7623
62445
56747
15329
3075
51255
39566
98096
77712
96403
64599
84510
38374
84972
34440
41626
40410
6326
65552
14754
56041
43375
41100
149
54048
35564
84014
88148
28488
24582
50475
28859
14093
16405
56178
71154
80346
99272
52196
76928
87846
29704
75038
72375
48763
32226
62971
41453
2021
69858
20018
29098
62808
20722
41012
22472
74432
93383
44663
52
59324
26200
97024
12140
12791
92484
5470
20931
8765
618
14653
7523
13518
18707
70634
15388
97446
20319
86708
80856
462
69181
39609
8979
92391
93271
89607
33189
61994
64614
40222
60113
37068
14764
80591
78142
81754
78578
55498
95101
42116
74016
2343
88160
90990
38774
92766
13038
71334
31362
60944
52291
99302
70098
6520
71560
3751
60307
11944
44693
76034
83266
60047
40165
96384
97911
77775
7112
75935
15712
63541
27668
50778
79694
64226
23703
82134
39582
46383
87838
31249
82077
94246
4204
84005
43833
33474
10830
19734
14041
81939
61226
70608
92542
37907
99721
6547
98425
8577
97864
13124
66598
38923
33372
1440
4500
17807
64942
1717
80607
32850
53119
21711
43921
90725
48369
54294
6033
42184
82194
30481
19894
86041
18684
51501
94362
30590
7430
45209
21941
68762
16250
7481
49386
35796
67230
21667
23312
8483
41763
25230
36173
69883
67292
77441
45895
54540
99567
96198
29346
73507
36319
99508
87447
35335
36441
87662
28265
23363
6110
78157
50675
50211
82395
95530
33605
12682
37353
47774
32883
9953
65992
47048
85560
91723
69849
70503
13290
45768
3524
94075
83562
2664
38337
68267
47433
44366
26204
38730
31893
53247
29426
69278
60234
70591
91284
31984
17025
51679
48432
76668
64698
62417
66657
46716
4277
85754
8144
88599
79143
11461
62917
63777
31120
72803
88412
5486
5142
60777
90649
96151
94860
83992
65149
28480
79599
8152
68213
75183
74008
9591
86775
62683
41966
57396
17988
8099
86849
43446
42019
69863
99990
52296
12235
71447
37958
90373
43582
6509
24155
83140
3488
42976
97856
68405
13554
95528
14740
13381
49488
69201
47981
8855
98519
13325
96123
87388
91082
42102
91400
52615
93762
35981
61337
5677
23403
5378
11448
88191
97157
30007
54692
63423
4126
62222
50209
37702
59616
33340
79184
81427
93109
40251
40026
65888
52570
89420
6331
80876
94311
96727
5045
57833
48396
70280
20601
77862
64711
65191
43277
5998
78889
35749
94906
82808
66024
15915
702
72749
43488
26544
55722
97124
18128
39981
9501
79120
54862
69791
19803
23974
86591
68351
36179
77498
21138
80492
12412
2097
49751
2298
55810
18104
26110
40998
75512
70543
49234
47376
40362
61993
66166
58736
26635
45526
58271
32555
50558
56371
77641
27346
94126
65281
8835
35187
72465
10292
97842
79403
95937
43426
24303
8208
83871
43877
22375
48060
330
39659
92817
47361
25698
55682
72697
34669
70538
92644
62978
84461
40934
40225
45923
4062
11162
7441
7678
98246
6736
12400
61115
45724
51280
98400
69067
16994
70189
31983
35733
31883
57329
81710
10991
87238
32171
87021
68012
80695
42531
69768
87605
85158
32850
5891
44081
14214
43507
58426
20695
28574
123
84583
96870
20905
88014
86870
79251
79354
17249
59120
50254
44769
5664
6630
36234
88913
98279
59431
12504
87320
59187
1068
35774
92773
11659
9513
48902
59701
36640
16576
73451
24604
19110
97608
11294
17694
64281
99601
59299
5637
33743
47218
23044
18404
66566
65591
11804
11637
23439
28493
94266
50367
23257
88101
60883
89050
92548
95344
45200
83215
91338
57914
25830
34580
16039
21043
32284
14026
65200
77274
22570
86670
20174
63182
69976
54303
60699
59881
10818
63554
68874
75102
22902
38682
37241
33621
76368
36127
93126
99939
19221
68316
86155
58373
12328
82985
3793
35822
34618
51318
61780
42130
71591
75271
3257
61565
16978
21732
11510
87888
5242
24180
78307
17698
67477
98123
73701
34200
71340
2048
87003
15444
16376
93884
97023
91346
92244
17592
25953
55331
6737
6500
3074
45626
22493
74828
56468
11518
28757
3137
88267
10248
80820
57954
98578
37973
93533
38916
70895
63373
47632
62873
23026
69182
18764
18115
3697
46259
25028
26494
63862
68360
74283
58319
83228
23160
27564
698
38357
23401
72952
67582
2093
52993
83339
12708
11276
3211
32347
36505
78998
29643
51310
53766
71107
15216
97496
26684
20047
4807
99137
68152
29703
86039
50064
63877
90707
5306
61243
246
91124
82526
44500
61968
54087
63094
16809
36415
80322
17620
73035
75724
99117
1527
9966
31943
60337
59855
17495
26892
38983
28407
15070
34684
64191
38646
75048
74807
98060
51970
74063
53939
21432
34408
41519
19059
12042
98013
93756
73187
39307
86980
75918
26356
35215
77282
24856
87985
45902
65492
30237
48909
24059
25374
30574
73363
965
39767
75556
47389
96902
72290
89001
57307
20075
21793
75946
4573
96135
25980
82110
73487
34843
88177
33312
25654
57763
31415
27349
76976
5852
62504
46226
7894
63580
46884
23967
25449
66012
79007
91360
44253
17537
54339
21744
23978
92262
50825
40463
70437
6462
25669
69254
268
69759
84979
69258
1673
45333
78639
76143
41377
18232
44946
24867
30179
45921
12630
96033
73664
40383
59420
17645
52981
58580
5761
20417
85989
42954
23078
86046
28677
57736
77985
85790
36083
24563
43994
25841
55193
66328
57325
11310
36553
15534
28815
54614
8285
9079
84155
38008
29487
28072
82922
44820
88091
77161
63385
8115
60884
84360
56699
70504
19549
90353
86513
23600
62934
41529
90921
80683
7380
1312
2605
41680
87540
95814
81436
64107
65464
99931
16547
20030
90816
88095
52339
31387
30465
26123
11138
80294
39439
13192
52214
65807
52270
58193
25411
77552
27775
1425
21546
92862
3757
36805
56618
4063
77782
14967
93622
65367
56255
14126
97920
6867
49418
98748
47239
30056
78874
30968
82439
67595
46743
330
93051
24870
87658
61411
92098
73303
63726
97322
57334
40299
87073
77559
86653
26111
74805
37241
97329
38733
47572
45943
24443
16659
23960
23233
42166
58790
38919
14600
20015
64543
61299
98756
42972
34571
47666
96565
36061
27618
60819
23457
32319
78667
79044
9039
48572
44943
44646
66713
22966
6447
87426
7567
51755
21961
855
23161
98074
71307
87952
74713
91678
93772
32418
74702
6069
78516
59606
77189
69699
87002
32552
31613
62552
71132
92554
27848
31699
78371
83015
67972
32149
19172
20923
36282
96765
8577
89995
60447
93717
47346
22106
73093
24750
71037
45085
68905
73139
62796
25745
52955
48513
91459
13484
996
85003
22868
93468
17150
79331
7145
872
15590
32609
4860
8234
46095
