76870
17857
24229
18184
27248
11988
6214
81771
64571
93990
22466
70057
21338
50920
92124
33232
44278
69173
42831
22814
28344
37074
66031
74984
86139
23029
88683
57738
67694
96852
54265
17634
70376
78969
62530
14930
33672
35292
3278
26715
62817
18052
81792
51922
94338
71236
65244
69990
78734
50567
51902
17436
64236
17331
93807
92622
33633
74774
7676
11030
19951
68092
91565
15495
85003
67513
14838
75232
17645
63395
28971
18124
23784
45472
32963
34659
60435
27691
34862
5488
23383
17250
80476
14061
83285
20117
22215
44933
57640
86383
75661
17079
84472
68641
32307
7396
50658
55896
68051
56069
99547
10938
65491
58832
24825
43002
83547
55694
8227
85737
75679
49518
99494
47788
6219
24802
19209
78697
84194
75230
83147
25873
2208
81700
66648
64983
84024
60697
78152
67382
124
89852
13350
81422
90245
97367
89861
5885
4984
30030
61106
35076
41382
4401
90582
56863
40631
72042
66051
8213
62391
60744
16548
42305
80932
13519
29858
25580
30845
17353
41080
1261
80059
42767
62486
56166
32252
27769
92475
55740
67902
17920
93756
53741
44896
39731
23638
42146
65027
51314
35733
75196
2783
19807
15616
11753
73596
12056
55555
17396
88059
43308
40072
51151
32106
10778
97298
50022
16724
44615
89565
18713
85578
21228
3578
52403
89920
64302
7725
57985
24468
99721
94596
18444
65159
29042
63683
68946
60273
16640
94857
41637
78166
84629
69323
15936
29539
46109
44448
73925
84399
60322
76990
91482
75576
11330
75980
96979
14339
25679
49845
53815
19938
92549
27048
94949
61746
8284
58122
37241
55984
84327
27130
89425
54320
96680
69339
28559
16049
7457
81994
22105
300
87365
95809
34525
58682
13186
29352
39299
97045
30764
41284
88690
29982
72787
80264
513
27016
4438
49149
40735
18977
47127
77964
94948
42471
98869
51923
75801
81740
25353
90802
93004
96581
44551
25947
11626
60794
3789
41390
48481
50301
80716
55286
15152
96495
55926
88114
43699
3714
7964
85886
72950
53148
77894
28736
46422
56727
13104
76748
96725
43879
68052
14889
90077
11825
45086
72690
18747
95920
915
56317
44010
74236
80588
16914
83914
14200
91847
96282
94556
40214
68027
5326
75390
55454
45140
78728
70985
80307
9072
72340
49456
95445
85258
53480
31482
12897
51440
16264
33034
79674
30734
15551
5800
99620
78441
22082
38714
25673
20221
49867
99233
92092
78553
39744
51997
89234
37668
15449
33547
91460
45437
32080
24713
14113
81089
47011
38902
67388
16699
39128
94492
71068
6302
19804
19904
80130
19333
33059
20719
28376
79776
68397
39236
45096
96472
15964
34710
59334
80353
16741
66245
79762
95315
68162
57005
54885
55676
71690
99299
71776
69212
5365
33058
56952
21957
85664
65458
49687
21542
34342
60762
61245
88087
17713
3689
89381
37860
42435
95747
78413
69543
16066
79814
15828
64938
6221
74786
33870
42771
68945
33087
56483
67678
78904
91393
54353
84131
55189
12092
80211
16042
39678
77133
55535
64249
84566
93272
55055
3534
23347
91892
55290
84090
40280
55143
48535
47185
59263
13989
75253
68205
95139
62379
21519
93011
66377
32734
2732
24874
44931
64163
2148
97315
35870
32421
45956
72327
79569
27377
81791
70355
21993
56307
23787
81650
83391
78159
3419
58684
83096
49085
97732
83646
72896
18038
1387
5724
1817
47883
20222
90691
19737
73486
57458
97203
87864
30128
45569
18449
37753
53680
11865
28521
40589
36698
61533
28070
63453
14189
26171
89689
26917
17956
22334
75816
56290
70736
66994
36157
31774
56955
45773
44008
41154
75456
17948
56912
40450
30939
65706
5316
43954
23548
59413
56109
12886
7752
58415
1969
13905
10468
36518
30272
44279
88817
63366
12255
40553
62659
58241
99670
59087
69548
49572
76514
81490
25566
66511
66311
11562
35647
39569
26899
62947
73537
52451
68847
59524
9266
74991
14119
54502
75653
24327
12448
1423
27577
15023
46449
4511
66442
73804
85971
15904
48129
27397
28410
39045
61860
84972
88923
97466
9213
87279
94892
89071
30904
54831
16287
31382
3192
92166
82690
23873
76555
99497
50012
53716
49251
56751
56496
93085
60498
22614
61118
83475
42172
67316
52968
4374
6762
17557
81950
21812
15506
88167
94420
89522
607
14384
81369
6080
60862
95266
59545
68947
52646
57302
24004
89940
78631
34759
51974
51903
50361
6658
77319
31406
41617
12688
50525
76036
96432
20116
288
94027
70087
66256
64028
17154
1730
95745
9419
89530
7503
32286
15203
72378
60866
89499
46274
52073
17890
95891
90523
49135
84395
80472
64691
22068
83802
21043
39232
23919
41765
9348
17553
72672
17791
41897
76263
46416
70542
72415
8063
20956
88895
8751
51498
75720
94539
72256
52311
20543
59851
20248
66306
85033
17608
35030
56625
53572
8088
23567
18607
54971
93
23649
7839
77118
34126
22885
35887
14204
50106
39323
70203
22384
733
47061
76048
7683
44933
76532
87220
17713
15298
32446
26791
68244
74971
32120
88805
4412
66283
54788
94010
62659
22473
65459
89178
30495
19214
3226
57879
90553
20940
84792
1451
46882
3017
70844
38110
16727
32656
53291
76789
48846
74890
89007
59625
80518
30378
5869
20919
715
68060
72688
79374
25043
84011
52168
81379
41084
13740
32530
79663
29530
51072
26500
59220
42673
65971
95355
8845
74799
24235
74667
89178
70018
27185
76341
53596
20978
79768
18242
32884
88606
82066
34808
33492
94330
86159
88266
60409
31322
1581
40532
4734
40274
23163
299
84096
74348
61754
6771
25772
13711
32994
84912
61916
56137
99291
55226
36834
21271
52934
69348
53739
40797
9987
54586
80544
21464
707
77811
54599
22846
72909
41920
84457
77405
62093
12906
30652
65733
94134
20185
56847
67563
37780
35365
96971
86624
69373
66117
67799
94543
39046
21523
91824
67576
66308
50116
62255
22121
48219
85473
1854
79395
78556
71198
35751
44483
41670
86319
79565
59155
82159
38341
2461
92337
34280
98274
1091
99249
14151
78185
79632
38850
4414
38409
6453
27705
54582
48298
64872
49369
88623
10045
97772
95054
95068
82475
53237
78195
25749
82527
88129
74064
37814
42682
56054
92230
77680
24321
34761
902
1358
71924
29110
61583
32155
2018
94234
22783
29214
29505
47246
92678
20284
64022
56983
7556
58728
75138
31780
29182
98630
27272
93591
49202
98824
95871
84984
45289
59775
14036
38378
17770
45043
61940
71399
89988
32156
3452
88866
24859
35428
78742
59780
12943
99876
44882
67339
9913
30640
8674
87369
43677
22128
76543
12505
91119
94231
52935
13911
44253
17106
37286
61751
37813
75546
73254
74735
85535
54181
78454
69711
61466
6491
81584
79415
77179
46836
20739
50494
26312
27160
50224
73921
8374
10162
92196
10731
95245
97064
45044
53722
44728
84012
55651
7684
97459
75438
42343
76370
62692
60688
71122
34101
35840
90700
29863
30505
80203
51346
37823
8696
31918
56770
17955
19102
71949
30136
82986
41
90786
64457
35307
94310
5860
50221
29886
60312
46366
96494
22853
84935
203
31001
52687
54024
71800
9678
49945
49699
37933
23275
88310
18924
56820
94340
32245
58947
19250
33859
56055
46100
95418
7824
55987
16014
66465
27050
50115
81382
11361
42765
57409
27964
41107
65054
66434
94901
60107
34773
61729
99778
95020
8859
12783
86046
92127
81141
68714
15063
34598
13111
41675
77725
43339
95135
76456
6464
53352
30411
51303
60964
81548
34237
44837
47520
23308
53619
47796
39490
19734
87993
92660
3690
72186
20839
14122
82634
20445
38226
92114
92746
86174
31223
36495
28673
96637
75818
26521
84033
20464
40766
32601
32766
74826
28080
51379
41863
45947
32807
31357
50977
37834
70631
22653
33527
95287
45120
11222
87767
91354
30981
86452
81420
61001
79354
56626
34969
71600
5024
82335
14609
80114
22478
31405
74388
8527
48932
83711
48131
89064
38035
97210
51404
28603
1386
38973
46698
6762
55352
90942
72924
86449
89069
64343
63857
42827
28063
71974
38499
68577
93778
60284
85572
98580
50429
47031
5470
28320
55879
75350
11472
77281
30130
25299
10300
25331
13268
23957
39860
12867
60685
95496
82242
79580
44636
84683
64196
61439
73909
20182
84023
76878
26447
55297
70506
61686
6869
8450
73004
1857
22059
38906
9436
89237
37297
61653
61431
43173
26732
14888
89024
83890
61118
73529
67782
99717
61192
63444
95746
62371
88526
14099
59877
97412
73834
46369
67395
20399
37994
93629
34440
80786
23527
58268
83340
91676
11947
95868
23108
41043
37697
80587
59288
33386
85387
34054
77962
87688
56324
32948
44744
12349
21488
27447
86847
90612
390
40349
20987
29196
81155
88435
85580
16954
81481
35774
96245
31898
37251
31298
28612
4798
26585
50245
23813
51493
11198
91328
32669
57031
20108
23732
72185
40870
32025
18779
18282
84059
97240
31388
1915
65244
8871
76392
39951
77020
36374
40957
390
2655
76795
25385
49631
73526
97371
30510
57984
23007
29702
92827
14400
1782
15263
78945
23591
40469
13010
31453
98934
84307
87417
77940
43399
79130
33159
69741
15713
79029
6206
27113
48838
13590
39601
52905
82914
59720
83466
64190
22723
64347
7265
97487
50901
77761
83619
64815
85579
95747
51027
95854
60977
19938
6152
11207
72615
60925
33053
27902
35706
14190
43240
83097
55431
39179
67562
35266
13356
89776
25283
28224
85885
76641
51453
41157
18583
47070
60178
76571
79828
79192
57259
50128
24948
78930
48720
26387
30983
34150
64048
36766
86044
19357
12883
46066
67089
48182
59235
37829
62546
51783
97094
58419
84045
11625
81630
69205
98686
7745
33047
65202
74699
65862
14935
28034
68054
13753
64420
43037
38251
10520
8085
83721
45441
47740
42720
73969
30889
93979
97389
51171
78767
34826
52405
36084
46284
61947
60708
2202
5868
73020
73106
82630
48843
20837
65241
16798
64452
86853
58521
84655
36554
66063
60648
89222
7285
17371
87491
97508
74117
59585
45389
37154
41292
31433
84356
632
11916
92693
7202
28693
67457
63602
57606
40011
11599
77392
68287
88064
72324
60934
3429
18774
52724
99666
19579
40564
39410
74661
87626
74746
3308
56590
47394
75664
99937
60960
4271
38607
53588
77843
55487
44391
71284
53529
81412
40160
52012
56940
15013
4596
79239
114
38312
20650
33045
88624
93058
48661
21691
42217
59782
4393
63974
4532
32323
5443
87895
35451
14740
97075
46654
91265
51308
45464
32671
72533
49799
13317
68752
84202
23446
28237
37466
9240
88523
80370
11310
52111
7336
44307
1005
54397
37140
53886
12865
23862
1598
80951
40060
38079
25478
55166
84652
57157
79772
56375
49728
12036
75489
58290
7139
85761
6982
25662
47093
89389
61712
77113
98320
80977
50570
6872
53406
12143
16203
83022
2423
38746
70080
92376
47228
59520
26199
68752
33035
73175
11157
768
58089
97431
76095
27022
52251
50010
56393
22476
13656
8578
76537
39635
73205
46492
39332
10742
90535
60209
62376
37822
36785
26788
39510
35752
23874
92862
88452
91196
22489
22137
88962
43023
7078
51889
48881
98406
13359
77651
52578
28796
3251
363
5490
37304
12540
45674
91209
62800
80760
40994
8016
20372
75983
21929
29670
1848
37723
99006
73429
17170
93108
60699
89911
4346
1795
7696
58736
23262
77290
13871
81290
65555
69149
30447
24959
22722
93577
76419
97282
4004
47792
88250
50556
57096
52343
48838
99939
80394
2914
88361
75762
90978
42506
41462
10638
93783
62882
43094
8789
46921
37433
21506
6085
59903
41478
24840
20683
6394
49849
10390
28002
66039
20405
87809
91850
77025
29958
97399
65564
28799
43804
21057
77417
71138
86581
54613
7618
3402
2543
5683
69877
70911
38731
40947
71658
22105
31524
55623
87631
46156
89354
88252
78959
34612
37915
12995
51337
78588
92258
90242
34249
1827
50605
24977
82652
34542
56340
3486
15029
15026
51872
68054
22176
34669
67069
1585
70569
63173
33764
6270
5807
18209
44088
44898
52885
87189
16293
30066
91081
75932
53978
12238
56625
41780
75146
87535
17093
43591
92664
71650
66525
42225
54802
96710
58609
17163
27837
93521
35389
1040
72632
60136
42464
10253
62835
62148
15758
32761
7291
56286
21049
74208
2306
72652
4728
6793
21141
1068
85630
43673
22103
53660
74175
63955
63447
6236
70881
38399
76160
37119
29082
71184
63021
50979
15026
88378
27033
88797
40679
30757
80422
81465
91763
32233
16609
59277
28470
58458
86555
66636
29645
18743
1673
1837
96927
97482
31774
60496
23893
52817
7746
15993
57829
80031
24587
28492
50752
91208
9334
15028
94476
4403
7587
81228
45541
60912
70046
21013
87956
42542
70022
86907
77435
15161
89288
62849
16902
13795
60540
16423
98004
69249
37716
82096
29309
99022
2135
11929
17119
85480
68161
12017
5341
53792
84663
52133
23836
48408
12832
1733
57210
66894
61635
66309
47980
18901
58672
5112
60070
35438
76265
51152
59716
91265
92263
65500
23149
46045
67695
54936
91948
66952
37641
66248
4978
27950
17759
3542
82790
32194
77830
39456
19839
91566
66230
52433
63564
84151
83644
98788
13199
85822
12396
98413
82712
14521
89159
39172
20537
38341
7806
85781
96596
97435
86795
53501
90136
94069
2841
65208
95927
46265
82726
23732
4322
27421
73443
2013
31896
78757
77841
20828
7367
13585
96153
35954
71856
68894
66205
25166
23549
30427
59103
31087
7856
18518
96093
76294
70955
92029
96708
49453
35171
31064
71350
67900
58867
39869
73840
40000
10826
65728
96513
84626
87096
53890
11600
10986
91879
56289
42704
83638
27276
32777
2374
25711
88292
13568
56788
74322
47401
30461
93259
52598
1210
48861
88883
15700
87610
43762
9497
71434
37718
64011
58437
15381
28433
9932
64162
42904
48677
12857
27077
75893
69515
76175
72939
76378
61553
90941
92678
16656
87093
24543
81518
76491
17282
89434
51507
99399
66118
83480
82934
17713
84568
26228
18596
76065
77168
74158
1929
18123
25319
75713
60444
24976
83194
82550
80738
41253
14392
9888
12889
15101
50000
73416
21793
40600
80273
54808
38314
45808
95401
3723
42812
89451
35752
67833
28276
9559
7313
98587
34025
35554
53556
20135
78188
46582
37185
35179
1137
83946
36084
86070
80820
70247
17928
85466
1902
19326
35589
72599
12659
84423
67619
89485
12817
1911
86821
88944
18038
68401
47955
84401
5695
60500
36644
98608
28323
96035
97398
30209
73855
19324
95808
3512
66411
46516
14224
67438
60247
94368
97513
46278
72039
3825
96291
81123
68252
39217
89476
96465
43905
40094
59562
24563
22707
72008
58665
91673
10147
43826
38091
88353
64808
72470
4295
60003
37875
92832
25330
81980
2291
59344
92281
20293
50226
63269
38888
80690
10648
60841
13838
66446
17308
85197
9721
11192
87670
92846
18064
87736
51411
24979
74225
4384
25448
35365
32332
64700
66032
54760
26879
43031
2242
63698
3958
28566
40200
4390
75011
47513
61559
35677
35008
73017
44214
80804
11640
67270
91468
94741
68979
6590
56558
33532
10799
98102
97330
86326
97770
68427
59295
20405
93495
77521
63596
42882
17100
82118
87886
81721
69359
58949
81677
52682
36743
16867
73418
85811
81100
88468
2759
51607
57513
31409
40852
57787
533
57372
83556
67527
84683
91103
64011
58681
49404
10462
37295
35610
38056
11298
86845
51674
2083
43320
9400
73387
56374
34450
64219
61228
32361
18682
67925
18848
14077
14490
16349
11150
73992
30143
79162
9557
70831
38543
74281
21737
40713
60728
10353
62676
27879
98912
3679
70950
54304
20553
98392
94556
2967
43046
26052
69115
56275
76233
6594
6745
35111
53873
69743
45593
84269
51468
98060
28883
15509
46070
18457
13247
36
56244
70723
37071
89555
8855
26060
13297
60012
34982
12614
89970
70428
24873
44974
56423
83570
99899
18761
89890
65326
8530
7918
2636
549
32350
5056
87487
34579
87766
1275
443
54841
13757
81163
46567
22821
81884
90056
22154
75933
82976
95877
96796
52668
42162
48938
73714
34536
9755
88008
2297
8016
91992
98278
35993
36212
38967
71389
5060
92242
94187
15575
67516
60178
71135
24845
65829
12143
33179
99948
19272
2619
72507
51674
42753
50062
17998
80684
83168
53173
14804
49557
77485
15791
80141
16912
81170
22556
91750
4411
52650
32959
10306
90638
6581
29295
58489
58371
70022
50009
15668
7539
63095
93627
34458
53101
87170
18014
42411
73503
15806
87465
59968
12330
80033
16671
56523
68350
26877
5148
9330
97346
63488
96339
61292
11562
88436
28579
629
98948
43317
3168
9322
96489
92984
35980
3524
20040
23084
42171
36648
86404
93150
55499
10903
98444
65294
1232
63931
99203
2741
18499
72847
33191
94823
4804
21068
62267
45023
19572
37836
71672
90966
19480
97482
78899
10119
29546
26013
33187
50998
21322
28381
61286
83629
80575
27320
90453
79551
76640
68068
89376
47848
679
21960
28231
11927
88106
58426
60546
93163
54072
20104
59104
27435
30759
58822
91766
52564
75550
14097
81664
90328
50113
92831
48380
10933
54030
51979
65255
98900
36047
39759
31413
8456
38280
15521
65428
9850
97469
90417
85834
64319
24560
31815
50573
64092
27429
31546
51868
54717
66893
22730
33047
27821
74805
47052
77139
95958
5316
71568
98509
70672
61476
25914
62610
14621
9972
48178
86184
72753
3559
6425
48146
47221
14326
79163
28840
26756
96
15657
28401
89039
95837
70019
97119
31184
3397
56379
1051
75250
10807
31428
24913
14528
96770
310
23262
83838
10544
92981
55889
17634
2634
40095
16374
32840
42976
79286
63622
71599
26145
84225
28440
62236
30100
36881
96441
68893
64169
28544
86155
77047
74186
37740
40685
41075
25706
29974
66938
31793
2721
68896
25445
41573
94125
81561
11120
36099
81090
78307
8317
10878
92148
55776
45999
84384
27550
57239
74639
81869
88834
48954
49429
98167
7248
43385
20990
98391
5455
2588
60486
89106
90488
14971
64627
69476
74820
16479
48317
10843
77390
63284
54349
79862
41514
71901
6864
51838
72088
5184
74538
26255
10785
77618
68517
32174
57111
83718
21489
8057
64643
99255
51563
21079
97484
31865
32299
36800
66671
68900
26470
93532
12935
47346
62487
33800
26839
87270
67315
68608
54823
62834
28782
34441
32395
29260
8267
90713
28568
3205
44667
35922
13117
82587
75091
91747
47117
32694
27852
79903
41675
84687
18656
37398
71583
11122
58890
54342
70508
18170
61011
93594
34643
12508
64445
54861
73935
96175
49864
70663
15748
27317
80137
37330
38101
91445
63156
3982
57325
87259
77695
891
30427
38015
81171
80013
46892
41101
87895
34820
33591
90220
36328
23310
62618
23262
17472
27849
63698
11629
10168
93635
6022
13923
96143
98406
28504
61283
17044
3509
66825
26539
83244
150
19576
29504
30187
95459
57498
40947
56806
82720
61342
5832
35151
59962
9415
9618
76536
31847
70862
45390
59425
73727
19041
25253
42275
47705
87988
67870
67259
15681
50641
86896
58108
78208
70960
9939
23599
63479
48169
35250
66447
99594
66811
20531
73294
53218
4438
94872
41826
8955
40815
61566
62571
48804
23911
76092
75505
82334
71510
48835
42053
45254
71577
16190
15197
65100
89954
46288
46951
73236
94989
75342
84890
23993
58284
16278
94448
69831
5349
10271
7128
6511
50320
87062
95506
78566
3635
15933
14823
92724
48761
19899
57802
27554
47426
17736
92710
35273
52665
79091
36607
81578
30447
24757
29228
71764
98955
24672
8573
23861
58397
16657
24382
22830
44942
87405
18322
70490
70040
47211
62678
44033
34473
60238
47044
80820
23428
81221
25003
26939
69342
73162
49446
6678
33518
27815
11946
24100
42913
35841
72189
23221
23835
31800
72314
48111
70021
6292
6188
19952
36511
4317
12498
48909
24412
43140
59522
2449
23034
43062
75079
84944
72088
28839
55590
13220
35937
39376
58189
6235
3279
56678
91461
86709
94214
84412
81919
63158
95683
93692
37756
83474
39441
16182
17083
62557
33210
37884
58160
97337
22969
79097
2371
74663
40474
60369
85169
30133
54565
62300
67695
82621
4451
74316
66263
93471
83779
92398
12889
93575
30863
4896
11397
66061
93420
94497
92960
24014
7796
19954
43574
95814
77935
71545
2276
64417
17058
27449
94983
75575
17078
95401
29554
32742
90910
55841
64932
16438
5007
12164
29788
29263
77087
29886
35388
51362
49755
89474
64080
69570
62328
81207
4185
88282
94855
16548
81945
44309
17777
2426
64436
85559
34631
55037
66740
31258
98732
62233
1682
32776
64034
7561
72303
75734
69690
95766
38752
95430
32204
25846
14711
31085
38384
27164
5583
61747
1373
72754
2493
54065
67828
15679
86586
79543
10264
64167
47241
76122
28398
967
5849
50694
723
99824
90970
21503
33412
97473
27289
87967
22229
97045
94149
26737
90779
68740
24502
15452
13914
46716
39313
92128
60852
88774
913
6942
16940
62611
93308
90493
39694
31913
32768
16749
62544
4455
8945
66300
77696
50145
52959
51187
80656
4407
23801
87131
70892
53
33844
17765
64286
60323
84050
16510
40259
73667
78856
73275
58239
74239
66237
57493
3741
82950
2645
91707
38452
54793
34619
8910
5410
99992
75351
15340
11410
90334
59968
74773
67677
46345
15099
24507
50301
57639
70404
60445
15107
56571
91619
78239
63193
49805
65855
67148
62796
93489
49599
21020
30021
42925
56375
78368
16957
7515
57599
93171
62400
19009
52888
61742
55668
28347
70788
95970
93413
48008
85706
48913
96470
25659
90964
93747
48138
7664
4331
13296
68410
41417
10696
17020
68272
31566
59111
58916
28087
15144
38327
39923
25679
19832
66694
54417
3106
669
57384
18040
83286
39333
8470
25403
15793
34351
73787
92822
16121
24128
44176
1003
49795
50372
28840
97685
99546
55258
30359
18526
991
24921
77185
171
98722
57092
40188
2502
15117
53750
52842
38371
41563
86944
57011
82655
81858
62590
18119
92218
95894
69083
96014
62330
43673
25911
65558
68063
2140
24544
37147
64647
8543
5845
11032
10055
25556
91823
70976
5125
76298
23400
57043
26816
72970
4759
27059
21479
6184
4888
15401
65375
25870
350
92704
14295
89748
98529
47813
95315
28327
11164
34053
42285
38393
86315
17716
98249
537
41539
79324
73100
3807
10479
63811
52623
43666
73001
21024
5720
47467
95011
80420
20042
9323
24625
4618
16049
2359
81815
27975
79846
63405
53335
99747
89155
13306
52663
90671
95352
24265
14470
17205
11205
80153
13298
57257
49620
714
1857
2688
18372
56590
36039
81564
84657
99070
61000
13614
18245
90769
91786
61228
18083
59524
15257
61608
43982
37296
88409
45559
5464
88191
90874
19015
68646
70447
11476
73503
71042
17154
3267
30938
21878
83492
84480
73298
9116
27922
88186
11471
32844
33299
5651
2604
46707
44772
2792
58138
53330
78813
44305
92856
98560
8499
28010
53842
14665
39362
15007
89477
34213
91546
21197
14665
44457
20547
47298
69147
26324
91734
79536
34272
85650
64315
32597
12450
85293
59311
13797
88255
35558
24351
67645
46668
99341
57914
43703
98008
2072
61062
9179
75657
20758
88008
84155
72575
21279
90365
52574
9714
33675
82617
54150
65637
28368
77456
91569
30514
54689
84939
76963
81868
38842
2222
51063
65053
73350
518
81024
33392
85630
51132
61603
26079
88310
22941
75104
6308
85066
58856
86552
5230
62733
8680
51943
89076
18674
88747
23853
7109
61508
24343
93515
29365
65981
3997
94856
89588
5034
25700
50363
96547
50057
77089
24874
25333
61953
45071
49169
95064
52124
84433
25989
54817
78671
8773
84131
370
45980
54471
30664
50867
52691
93030
95220
7000
17284
21201
51959
93539
981
13061
91140
53087
5371
14774
65845
27356
97910
13017
9032
11436
16253
1286
64326
38057
12683
34997
68712
50673
39520
45084
85328
98259
12910
57334
59311
48848
18886
68123
49266
75974
41159
76565
47005
33859
73222
98970
45712
49994
31983
28810
5986
26914
39646
11516
98759
72941
13756
19194
45760
11948
13621
7652
2568
39337
19017
12491
93512
23673
9422
44162
34484
35128
59518
359
55017
9049
54594
7550
14963
85172
46216
98068
43458
89892
70032
13110
58078
97403
96395
49529
38891
84399
18784
41519
93394
47675
6468
10778
54487
71718
94311
7719
89490
49350
94208
44400
93131
30379
23889
39665
87259
15354
10419
88391
95346
67328
33461
71669
45268
80317
20821
94953
82381
14126
2832
73650
50892
18227
80556
64258
19515
43743
25850
3844
16135
96105
56118
26642
66505
78338
97195
90864
34642
28038
34939
32207
13332
23082
68270
96257
41753
67094
66580
49345
4777
78859
83430
3951
52662
64730
25043
71506
36541
77230
77223
94881
64052
56685
32968
64667
55292
63673
4763
30270
22905
96068
56422
63599
24420
17262
48781
36495
71324
94147
46370
67749
33856
27063
19990
11193
66465
933
84980
85136
40356
68676
92280
16143
12033
21905
67277
13207
25375
77297
58841
22597
16599
32063
96254
31269
19558
255
5305
8820
50794
37437
79388
99846
13325
33954
50508
80765
18078
9435
67796
94113
27844
49663
13633
42090
41767
1758
12569
14608
68458
83167
2215
55946
58256
9200
97534
9092
84400
78760
51377
42516
61908
71579
42758
41294
56630
68236
85334
77481
25145
61158
99635
12249
43322
11536
14692
24567
96432
48532
94764
38335
29257
41666
85617
95207
14123
50033
52571
30201
21262
16288
80637
34618
62702
22348
36261
817
20301
39363
80448
95713
16351
67090
20803
24912
43713
74311
51092
43588
35252
1870
19398
75527
34470
38467
93907
33021
14906
36202
48224
91872
50042
66228
83479
59602
69143
69347
43826
81238
20550
55584
13149
12531
67330
60218
77717
23597
43903
80741
23969
14327
49116
3570
15096
47627
833
64686
35899
38823
90067
78070
37521
98971
48622
21129
39935
85298
25320
73292
12211
87270
54250
68427
79300
63025
13297
99940
29760
50044
10805
48508
97522
22730
63449
58026
32069
88379
4756
30622
15035
19260
88205
64121
30894
82771
1076
9805
26642
61913
75870
47406
14596
36977
10722
60708
85712
30487
36177
89652
45104
51090
70135
90249
78573
39180
41129
43196
44777
52383
19707
94085
94260
7883
62838
32017
37510
75100
12378
81622
22783
74815
55361
78004
85300
31378
87770
54073
37670
60374
22547
53737
18158
55485
43526
59322
28884
58157
42275
72896
29384
83642
3742
74030
67858
18353
79340
84138
1978
92594
19971
17749
42415
16832
21811
11633
88358
29135
54860
51022
90415
63269
40135
76568
74631
89814
73462
75003
99863
15177
64920
67046
83174
67548
31312
68752
675
93198
72650
20766
89095
36020
28324
63343
96962
46286
48382
22681
40641
2808
96978
3660
29733
60357
70809
54790
92549
14588
97314
21381
78049
18581
5517
58733
66587
93377
42364
13393
16194
58616
4737
93159
19571
63024
50243
15018
30996
58311
68608
42159
88633
88458
66420
97415
21866
45014
34297
1528
87142
73410
42778
2605
80680
74178
61336
67176
80170
26021
27248
82856
43704
24922
15978
98267
86263
32269
92624
69824
81116
68471
48486
97883
50723
89921
17424
94083
10177
90982
69492
19492
74365
78300
69405
31390
23628
72557
34899
763
62563
62483
58754
8275
7933
36125
19324
45557
28121
81384
31299
28472
47836
88696
95265
66424
61975
50589
36912
63398
60377
55285
13403
12838
47909
43487
21903
37006
72332
21763
66548
11771
62441
21875
10966
83418
33905
62035
13570
97393
85854
201
85736
29190
36228
65632
18868
24499
13199
57838
94762
46846
85263
11567
32247
71189
67329
48266
47625
42675
77934
3371
20706
22891
73177
55462
7721
55823
48427
73761
10376
63530
94492
68161
21268
39812
35280
61293
18647
69242
2586
67756
64496
17019
42681
56842
98494
19400
2902
46108
15510
73385
51918
7762
53868
30217
96309
81932
84165
93865
88552
98542
49873
23068
85379
85357
46787
70713
74852
58356
93253
28213
85690
42122
22961
92102
25974
27005
75531
85924
34144
84372
63639
65088
42132
6054
16428
91142
28755
33039
38355
89127
84092
42605
60832
74968
75530
30891
78874
68818
46058
90223
77581
44490
27006
51272
34523
14324
22575
83137
622
85869
15066
71350
82665
74657
47518
70687
46921
85235
32214
21820
67876
88900
39988
10581
96438
83779
97127
52094
28296
30331
85643
32376
93717
27644
63311
13741
12951
17154
75961
86473
54552
24019
15175
91018
95767
57348
20814
8296
27500
85097
17298
69216
5359
34380
44856
75801
5440
81206
603
29968
63871
64016
32134
93362
29604
83216
3530
87669
30540
66326
18008
25425
11224
63574
99698
92397
24339
83112
41733
38886
71007
40798
59385
98699
59341
54574
54699
20281
89739
52991
16118
94793
22846
37215
83314
28589
22264
81583
52798
93566
94762
42821
37735
26423
46289
34588
74845
42815
45563
4010
67555
33368
52374
41388
59044
62875
72288
70128
69126
43477
75855
8336
21242
4184
5303
84304
10631
90253
52697
89891
11290
85715
16421
41274
64292
20988
39379
56114
17266
82839
7743
46297
86929
37217
13176
86648
60558
664
47543
56152
91831
70299
85777
22094
10422
12307
17893
95164
21078
58987
40384
35740
55466
82350
41837
98781
45398
63582
44660
33833
37367
94266
60794
87743
3585
14808
12751
71234
66610
29673
56063
54395
2044
39852
40076
20840
45693
57694
82708
78583
71262
21063
79488
9209
24781
32196
62395
69861
11534
44922
82184
10331
43327
37828
36864
86489
55601
53467
58547
36355
89466
33663
52470
90019
67842
5226
61146
18750
50922
38386
76485
12182
36402
93162
41421
96389
87006
22100
35451
25121
6407
59797
37861
54233
11722
4163
67696
56738
59790
14047
32961
33465
67128
84952
45814
19038
8617
79646
28208
39315
45650
55495
40851
49499
81549
10216
83663
666
45832
26396
51341
30974
66266
69153
51355
73496
70877
22309
13109
41102
75590
2231
49385
88486
73186
79835
4973
911
39197
45314
41932
84456
89352
11009
3338
29350
92142
26152
40932
73686
30442
99595
71904
88389
34647
40104
7173
53588
50119
70812
16617
57409
5913
20273
57899
11691
45424
48778
30893
45439
39071
2831
1735
75943
83339
44607
60264
82693
97566
36650
43503
2412
46401
51507
86705
62210
20745
82576
19921
919
46228
27487
80224
10352
40768
20754
49274
89971
19054
44754
27800
21390
33318
98732
5465
35209
51883
17458
62108
95988
45897
68100
27237
92813
40820
77159
49111
59591
16491
20958
89830
38268
69588
58438
33697
51839
75148
98492
11124
11815
62387
61948
80323
37860
91960
24034
52434
69012
28593
24203
72255
89238
31046
66862
99335
59015
45393
47727
71023
94158
19043
5755
45769
73553
97670
24903
44857
55109
50213
54952
47737
95163
41781
9358
34206
98421
12630
71527
16019
86763
42770
30389
98525
88456
70641
59827
69523
7391
79165
82716
26533
64165
20764
92348
58558
41196
99685
80910
94055
71288
99636
84662
86621
70898
88314
41994
93982
53093
79399
25197
69139
10075
92345
20626
38791
24589
66351
31209
14721
51668
72460
33016
64558
47071
74397
94263
92104
97621
36590
5223
18509
6059
10760
53625
66766
88620
37783
72490
53792
44303
75691
97474
91343
54740
21724
50237
83879
29277
64178
15223
83201
73079
51109
97024
60675
45509
2490
89917
81192
47431
87863
43882
37271
61575
9985
23354
42015
68040
84900
97140
34825
92441
88358
48125
86181
61557
8925
52294
99516
92440
53349
40776
67441
26521
38128
85957
4598
1259
63222
99015
31289
75863
77103
69311
17210
14686
67484
4507
31451
90479
52961
14652
2164
16944
54901
1403
79491
60065
25683
50873
62987
16420
14287
47422
78132
52467
30608
95995
48076
41685
10032
95076
6109
83363
62495
76933
33421
80509
37252
8819
10806
62196
42340
90216
79377
28907
20333
52523
75268
69526
33976
7110
34468
15947
95879
93131
3950
54104
55382
53162
34092
90740
42190
5460
54814
16313
40764
48714
88951
58869
92508
30764
19467
75518
62760
52998
81442
25467
17507
23671
5256
1113
93774
79633
81468
16651
27658
70892
88334
40454
93786
73199
91207
44603
40881
75162
73260
96325
34038
98368
56850
17142
34943
45687
76678
41776
6224
17230
48630
51129
95245
111
18691
83038
72687
58732
39179
65092
45707
24798
82106
70016
57453
64061
3063
53279
57507
54867
47992
40549
99137
65537
65873
96331
40725
39004
19977
53535
19077
74854
15812
3722
67771
11972
13864
46474
6109
95816
69774
84943
95860
79144
24341
35230
7820
99247
82296
59770
14291
87348
41355
68814
65914
85734
55390
9264
75692
83257
16320
77219
13306
41063
26988
92748
22053
16636
91255
32660
89656
17598
90662
15413
86482
58689
70611
62957
74768
9727
53161
49405
45196
12215
27279
73648
7543
78147
40292
18331
47489
68787
40387
52301
61192
35851
99605
34749
41567
30984
61943
65971
46741
59682
73158
95347
56044
67550
16717
8998
49410
3961
74451
8906
52614
20968
49637
4309
65801
12347
46065
41007
83546
57960
20157
35959
83051
34077
71024
16422
40971
37683
28281
24788
90482
43107
66983
68500
89493
47554
74319
95372
94899
7389
6530
90113
59348
48450
17328
80664
15478
30760
89024
59199
32127
68189
11127
62354
69419
35013
78337
36867
44418
61358
43700
22786
89415
18003
23843
58385
81207
5883
10361
38553
98987
61793
95938
68274
57782
6970
9980
77773
11290
31110
859
69415
50931
31728
87319
59833
14327
79255
55264
59519
2602
36393
19182
57676
5604
5753
6460
6678
32083
90764
77164
61698
1760
89723
6185
79809
80202
62261
12418
13581
17337
70471
36739
70875
53515
94113
65986
27555
52504
23487
48553
85173
12105
21920
97465
93394
37748
63830
9643
16073
86713
48395
17676
30483
1876
67300
25323
38589
44492
76111
56805
80301
50146
6368
24184
62512
58523
26111
49274
13121
52199
13036
90143
49999
11618
70172
95787
6356
53271
95805
29563
96949
41374
16137
64728
30775
79309
33327
23089
77766
62413
32499
31263
9577
8147
83043
49018
60946
9385
11262
9867
27891
25051
31559
11882
58128
72467
3100
52925
66750
72466
41399
21052
46549
94234
74647
54442
65063
66652
83307
16877
77038
11799
66510
81732
41353
55161
23285
26796
31442
78124
67469
7392
55566
87185
18636
44996
64450
27753
12346
48578
60176
63366
65855
98263
84668
18874
11144
11450
7470
42302
72453
10435
48730
46695
6726
40879
26278
94235
4450
96674
90275
46663
32894
76296
96481
76276
28153
56644
91745
28037
27768
51310
74125
15961
81468
18017
15057
86723
8960
26542
79421
50143
36048
58447
91017
9769
52551
44066
52309
22701
77136
15108
14888
27846
99372
7257
41060
23125
57128
39049
43063
49265
64696
13970
69848
13919
84149
30093
21534
75424
38078
17924
47257
16868
16956
18882
70366
6071
49837
33071
79064
8941
99363
99549
18749
21099
64400
32574
18748
46812
48439
19118
44829
62592
42560
87451
40723
22872
17465
10537
69303
42537
25259
83474
51694
23481
96119
5075
36931
72346
58023
56666
37988
92993
44902
2373
95598
63923
93884
78158
93696
76531
53657
22142
24341
34301
2417
20041
33942
22050
24124
60629
1761
42959
36494
4809
9566
3671
57581
46441
8092
39234
53112
66042
33168
85342
33782
31497
94994
27615
98287
61018
99171
2370
69772
65542
76455
68136
42896
80287
4438
26006
87369
45566
85554
96246
60903
87459
67651
31786
74390
79195
49368
12737
51153
51784
11380
95596
92163
67164
99760
78376
7704
45295
61125
46364
52410
49366
15617
44274
16515
79695
53588
37387
28512
41961
36362
24741
79545
38378
4618
80265
62523
92480
9880
97342
162
9971
35169
91958
7245
6024
44206
99291
81201
9557
85967
6013
23835
38351
88119
40522
2152
33580
55443
18264
80831
66547
14347
15448
58634
4499
47161
71056
64100
31403
36550
10387
85372
70641
18271
26044
79193
86637
64900
7566
23723
40033
11210
5034
67386
47405
24667
977
83996
56903
61695
78650
37695
10643
21907
94151
17455
4050
51810
61999
64114
38104
5280
88935
88028
67832
43148
51016
18725
49203
3084
73095
43612
81267
84746
70851
66177
76652
528
50415
86388
33361
12315
16876
74296
8935
57916
36688
93764
93039
80490
41965
71672
54234
4976
48516
77920
91436
25541
82089
12944
5785
82684
17786
56849
91411
38319
9500
27511
21340
66567
14988
74779
40915
12606
59167
77445
4067
40489
99611
89299
58913
4703
96362
84012
50955
60731
15390
76451
6203
68586
26410
41472
14884
83603
9536
99099
90324
18293
55715
15316
64784
59539
68839
69855
48913
32091
4726
55951
8369
50246
57474
23273
89190
78504
6023
91923
75855
34923
16365
35727
49867
38430
50590
52025
15194
87671
58146
10480
65578
33510
97260
63851
89282
12536
84106
83702
65904
60979
76683
35206
23042
41712
26632
33205
82475
64801
58461
60820
1464
41830
71186
18005
86048
96920
42030
79697
81645
79940
55370
80538
69476
61568
54654
31611
56775
80291
40596
10021
3070
34965
48391
42255
87373
17024
65751
55453
90570
259
12279
9253
20184
50203
83833
69446
411
98280
98395
80463
55912
78119
24853
70872
70381
86822
27217
16040
86847
29694
12785
54180
70096
77966
72906
44695
88978
78470
17277
41759
51636
97686
67036
94432
24127
87332
68581
44585
84748
7837
30720
4331
353
46474
55960
31504
71014
52882
15420
81843
23189
7464
3630
97919
68504
91509
43063
73579
62313
59909
12448
38940
30971
41048
56290
43900
93522
37031
38204
46198
86014
76115
10125
96669
5585
83887
54798
50882
24329
39879
98539
56187
95010
28786
6651
15797
19360
64105
923
27879
70472
43996
78253
45205
22394
40199
74004
89626
57301
48427
23038
32922
65854
25123
65452
94221
88150
1393
96575
51935
69277
22780
75309
14175
65970
95847
36198
94623
65933
59729
58441
28725
73632
84736
86682
98104
13604
56445
31300
8427
62565
23303
33266
60051
50771
82586
81594
26382
98907
22660
44170
69330
50728
72323
22865
35170
79003
81648
28570
15464
75224
30030
77129
81050
59972
50697
67304
95272
32309
10710
46089
47970
98152
51956
43421
22816
80513
55826
71448
76495
72919
2621
88028
77533
91944
34873
31964
25671
78111
14022
84335
75703
61393
77979
69728
28469
23116
36626
43741
27861
39731
51479
6285
41825
82705
56244
51016
6547
7225
16063
23119
38364
86059
92472
3617
29421
64493
5001
20881
96941
87306
70122
83878
41921
95446
57222
26234
54755
68126
8260
12234
31127
3491
40513
28622
94434
43164
73618
84937
29344
54881
42327
87245
43908
89475
30456
91258
89725
18168
50068
90261
59999
61582
20898
24663
78584
80346
24468
93648
8831
49018
54727
34963
90706
30949
17134
46301
64502
36030
69807
41275
30312
21513
57506
76847
85177
64971
47157
29726
21872
81777
40723
88606
76336
67750
88548
10461
99463
11253
78770
28182
38498
11247
62794
26705
29138
60204
67757
41910
5334
56437
85424
13716
54235
6460
16259
96639
257
22990
91186
67322
1512
42470
38789
32044
14085
83267
67287
35549
5147
78934
50073
80046
4934
46673
49256
74063
10578
46408
64258
29482
45473
15165
72962
57621
71148
20509
69401
12971
76243
76673
11003
22057
48067
55273
17311
86184
23089
62191
88615
48172
20108
16446
62265
279
28935
39271
6776
61228
64657
62003
83361
52399
81797
96598
28549
68003
72058
71159
58165
20154
24810
78820
57814
14271
81784
10256
37624
67901
55970
98335
18998
34695
61004
13530
97224
47061
61828
25331
16994
83697
86854
35642
21052
61236
15942
43519
38216
49670
36594
65371
14416
82529
36734
88654
11514
2343
29117
37923
42715
47582
65286
72178
24866
21538
69777
50188
79149
62942
15979
44344
5692
14535
15753
91812
97775
9448
74198
1400
49446
98723
49053
67797
81363
27836
77934
45452
55961
5542
22809
33845
89831
96306
18551
70870
7626
29524
33718
755
95690
70727
51278
34955
18293
86291
63600
29019
57413
50282
22597
56510
36438
87786
59276
93690
23617
95658
68710
34286
54348
34211
91640
13445
53489
17181
32716
5286
80306
38838
54
80034
75533
15114
92075
9575
98145
26801
67127
34122
29725
57929
39167
99606
93119
22514
93412
46138
7306
19783
29078
27058
5169
48886
46626
9002
54565
5377
34706
12252
66569
88502
62743
10596
18420
87451
44292
90392
36437
52416
38975
60673
16583
21643
47491
94226
47711
12952
15602
56087
64379
57772
80302
94323
20356
72971
14324
29381
19951
18416
18314
77460
298
56383
64660
83594
39881
10097
12022
17938
593
58513
15457
74121
61839
51018
3692
53461
27080
17989
62471
79261
95807
94910
78182
12461
62813
24622
24721
74607
54229
70963
72352
61285
55870
76006
66307
81560
70750
11722
71642
97479
11081
41556
40251
93640
60493
99017
65184
16174
94207
98495
80425
32679
7241
97035
91126
74272
2532
12399
79831
65818
73298
41176
53819
84680
94543
67006
54618
29970
38867
36390
23018
94171
93019
83430
51056
45600
25641
72071
23980
40752
6779
26606
54148
48482
85788
57024
58234
17850
19289
55868
97292
37936
84628
46851
67859
64847
38365
60410
55831
19565
91354
97642
67560
46143
71530
12925
76520
64192
33298
42292
32744
30342
56522
75563
81610
74479
92732
60004
87710
57569
98974
46560
45654
11202
17381
53729
10655
74379
64435
58680
92076
48401
66046
95822
29255
18886
77663
57489
88742
62183
51152
13948
9379
6772
46295
87475
27134
8826
19979
58889
97384
77375
89772
13391
58405
380
19078
54993
63583
3402
64252
32139
66778
57810
80440
15950
1566
98200
1878
55658
51279
66895
69462
87698
59415
94156
8181
90613
77819
70817
73701
34061
74404
10915
60979
17726
21684
68857
74579
25944
14242
45691
74380
65914
62780
31839
93133
50613
83821
96832
30115
55498
5516
21820
82258
24834
11626
27373
60973
35757
34045
23049
69663
51435
83113
90253
82995
5468
282
21902
84313
30196
11356
4465
12796
87236
37450
20361
24878
34262
6718
25113
22708
868
21079
61104
63833
22605
62697
98762
89417
41195
95920
14358
65299
30843
71567
42569
97717
13868
81909
89640
47102
34886
51897
47070
3500
74567
73534
69913
85991
49012
55222
5476
11031
27678
16113
1795
78296
34153
13281
88868
74129
7666
34307
17948
44461
30786
43505
60229
68183
47077
26553
7938
92345
66411
50658
81531
73198
40471
40426
71457
17030
82033
84240
7861
83531
34419
44044
78814
42392
79636
94837
9509
66832
78287
77933
97819
81321
45709
69698
36157
88719
74622
33813
13712
52991
6230
6976
77391
30489
41693
91536
55661
54568
32502
7855
87425
78016
89289
48452
51081
53437
57503
97174
37655
44018
45311
52810
82883
84424
71064
4556
72934
93950
80413
17188
38977
59957
76717
91418
34738
80676
36980
80073
36080
71340
56500
69490
46913
70761
22781
77818
38702
95169
91124
51571
91643
74491
80650
96251
58373
81469
66169
10195
8018
3104
69110
8861
97411
74676
14201
3864
66043
67267
25988
42331
99850
73687
51803
39654
68617
16015
72145
49141
38185
57989
81415
34148
16894
94512
42724
63049
37310
24608
44100
72096
61742
22941
27528
90192
93039
46013
88897
98298
14498
92163
48554
1190
76783
93848
90208
96252
45521
33292
70949
25044
4476
76763
456
73212
6663
14058
86663
14320
21230
87421
13819
33290
31429
75842
10615
6626
7241
7631
99639
62862
4703
84609
23033
39481
69415
82522
86173
38673
3501
81770
57602
44101
80725
12440
19139
87882
60140
19292
85770
74623
26789
20885
48353
19197
82821
68211
64806
53838
74298
28693
75771
64286
26673
85980
71913
4749
71742
28670
72459
36493
95753
23519
8704
26354
52728
64749
80629
72288
65163
25120
54197
7545
31992
66352
23555
97223
48949
45784
44446
19542
91474
26783
9300
484
33427
75417
92289
63918
54538
46707
9819
47245
89507
86014
71070
78956
87577
19583
44988
85523
281
21838
43180
15577
46346
42751
62541
59479
33471
50027
42737
81979
583
78242
7948
6917
8140
59389
51103
84093
34129
76979
43770
4906
21656
38397
87711
10453
53436
88193
85254
76989
76919
97797
48
21364
45951
53139
93071
73061
64990
27075
26199
78632
40602
92715
92304
73936
93626
51171
58016
87052
35272
86455
87780
52103
28631
44339
52169
83187
27543
2539
91502
72802
26740
68543
91827
66409
5121
1396
60278
84669
36050
84220
26145
72790
19080
14598
1899
84976
68998
67724
25306
51625
23563
43678
84678
36384
95028
9026
67848
26359
99099
71573
5629
94846
88450
14889
49187
25019
21183
87839
35712
8803
13015
57790
9499
22304
46813
681
41900
52561
18085
29592
86208
77854
46736
14979
73886
67107
65285
84374
41844
26414
96648
21218
62364
48144
41233
68103
17054
48293
35719
18062
9186
93943
19956
1227
45579
82106
4357
64764
90849
35625
58148
50325
31552
48737
92402
66479
81343
1921
67531
83850
70657
6021
80051
4744
83152
22979
54857
87864
52951
93712
87272
98136
6722
84560
29204
92957
28716
98212
12908
88724
13961
62331
2248
38976
40500
29755
65917
58104
59410
64629
2330
41085
80782
21771
73956
15958
43386
84738
54589
61373
41915
93244
11880
5358
3599
45530
99604
22955
74697
48914
82555
64048
8672
46251
906
14428
83526
41425
27135
13688
80162
34782
35224
93726
14070
67253
1481
17821
3800
59209
84655
48554
75685
66849
19602
67985
14308
64592
60743
34461
20968
43210
86349
5481
21424
72802
36167
7563
9980
23702
89154
19357
26014
3125
26043
21752
55882
16146
3872
67268
94880
80293
55434
4470
64969
33699
92832
70067
82584
41111
93228
39811
1678
4098
59178
69173
61653
682
42150
9325
71913
62852
47665
27711
77422
23605
91905
18697
68048
2040
16015
19181
28931
33478
28760
13223
2481
40756
99362
12602
83982
61776
9018
75573
82418
57897
65298
34585
70345
33074
29410
65148
88920
98059
53974
7081
59582
14845
86688
91047
67410
19856
11441
63272
38170
5414
25437
88135
640
85022
73314
47408
35399
56321
96954
39285
38300
46067
34279
6909
1492
16929
11213
12284
26642
55222
8464
93148
57685
47270
53696
1528
37054
70890
35516
48841
37751
28206
5393
65008
69639
7377
25310
87337
23837
84804
76529
74388
65612
76723
48609
29381
42234
81982
30942
65341
84308
41664
26867
60615
89543
21613
68176
77085
47442
37045
34246
91798
32928
20311
2632
83312
76414
78317
38178
29657
76540
43177
24014
25819
31881
70382
67745
13507
87297
22854
19955
68957
98559
38558
18518
81273
15775
64839
26401
81162
9091
79497
48876
75601
77146
20848
84643
37196
98842
44229
57508
30417
48147
86764
99714
35089
17060
79239
48756
25795
41367
66191
9081
4872
27543
6372
61990
12955
97620
51657
49841
14129
98509
52246
63318
83901
63631
92246
11253
2460
82807
34626
44278
95049
4012
74094
97640
75537
12697
29214
93012
34073
78456
93099
66981
39724
84453
91220
46538
95488
51741
92878
98305
64463
3320
15018
59493
7015
89916
78135
66971
60017
79833
74839
81302
87525
7936
35964
60729
54621
67981
76341
29683
87348
8127
52457
30967
62249
12501
77389
51189
73094
16572
40677
22170
78216
30426
55130
28939
79137
94412
3551
52343
34570
96193
19504
83810
11006
8702
37664
5524
36325
7007
34657
43868
43445
39797
65129
87489
7889
61125
90773
17944
80913
74071
65242
36983
99561
37304
94068
83132
63891
25854
82505
62077
73077
71903
15986
46227
37526
31186
19561
44582
45712
62470
51650
18415
15916
28911
74257
98824
13109
27499
64106
92273
30709
49610
62008
17978
72715
78708
6080
77398
40872
80575
57195
77675
6210
26677
85399
78483
14175
42105
98898
85005
22359
38874
67373
63411
5905
51981
34297
25236
147
70610
13166
78886
59162
5460
52710
18502
55462
3737
19386
49879
33218
97256
52370
23975
5441
75229
37956
14512
16902
55127
92581
74347
62691
67399
43477
64497
22367
97253
81648
91339
68973
10353
57459
99916
26
42229
28655
60147
52952
59175
42041
2538
36398
81311
45710
74277
36541
99912
1458
61928
27935
51102
77532
17465
76116
60114
63555
37670
58536
62364
29777
85268
94629
49851
89882
50727
84706
15639
78625
40085
7658
8695
8547
71919
51955
88051
16981
10413
22939
26538
88105
14979
285
91166
83269
62191
70989
7150
67853
6504
63150
45453
95986
87806
30912
59267
65945
96327
71173
65826
87473
92334
12955
22016
66611
6174
60976
5176
72304
61144
626
66572
82842
79928
87416
14160
91410
70172
6110
42941
97371
22386
35518
37802
21631
4194
86686
2384
9671
59002
38987
44560
56689
49145
26925
43675
34762
97569
4718
7899
3092
25483
51065
24785
14914
52538
86216
92677
41794
68562
60674
25563
23780
35653
13846
72263
77351
48596
95595
22613
73382
40457
92479
41183
80546
64171
74785
28794
43628
38606
94823
10030
73618
92666
60338
38680
30095
40553
6335
83978
65850
85755
46040
4533
47884
88639
6651
8602
81911
73283
81848
49871
20917
54153
60162
71649
42010
52977
85618
8975
95208
276
31461
20698
87220
45028
1422
69392
3716
85662
60929
7515
16911
37204
32823
7667
35954
52016
22706
69172
90491
31070
68181
90763
57182
81099
25895
82364
96025
66142
64348
16291
71249
48020
2881
63268
76849
98964
84930
26390
76544
61170
67637
26750
22049
97053
93350
65329
82578
63865
60334
32386
41242
68485
2950
39404
61777
74883
24485
33001
73801
41746
18806
33737
43573
39259
43950
29757
51032
83618
74411
42741
29643
41010
32696
72421
22874
82030
18946
18737
45179
443
1447
24524
8873
10165
63225
80956
10525
45969
31947
65081
44917
66354
71466
64198
11845
25242
15348
13294
31721
4787
57942
79882
69638
57682
97985
96805
56590
77939
88983
33657
30329
28594
77721
13862
76492
98934
61387
14240
98018
64587
10489
7613
483
7002
11171
81667
37400
80953
41932
52803
60057
21545
20399
58108
29929
98929
51442
87735
26383
27799
17464
43434
4871
77120
87292
70967
16433
22100
315
78061
74649
68779
23840
15178
23640
11377
25977
6501
93252
84858
53067
59584
48563
42365
97258
11575
23726
68675
66850
11332
74570
24741
7499
35613
55490
90336
23335
97527
96065
58619
95194
39024
6014
18990
11664
20057
64777
55252
45865
50342
43401
26730
99623
59095
36010
8839
49983
68859
62806
47545
56891
44836
77295
76514
75094
28633
44996
63920
47370
72502
61572
50292
71564
58584
87233
65723
40391
35216
6537
25895
10896
55674
19076
87902
82061
40530
18032
13546
3602
8526
74978
99119
5725
78664
83441
41505
70886
86657
6392
94289
82921
93672
15074
40774
2164
50080
23630
98304
78774
8750
73233
95720
13532
68008
48036
53275
15871
53706
4029
97536
8512
61230
86338
16808
44788
20300
35166
96787
407
93117
84841
93031
78965
3085
89690
73892
25752
69248
23107
83883
58399
9750
2284
84856
22060
83077
23071
51195
18346
26719
22252
50451
24193
14811
16101
92135
64581
89996
71046
76396
13641
27274
49504
76650
24849
93824
75794
30372
14677
39930
81843
3957
81879
47080
97622
80594
52746
45213
33742
64946
43879
80943
32576
52472
15628
25178
76523
6133
37931
40256
96291
30009
41030
2003
35427
30600
9468
4068
43341
99991
45029
94528
447
92215
41242
13016
15628
37128
39816
72471
41423
63146
89151
54088
70007
34313
95641
15593
32416
86163
43889
46217
80426
5872
29478
85002
28300
79730
15222
48319
4031
59678
60854
72979
13485
76071
95705
76958
81611
46859
30739
96236
75944
96309
2035
45654
58888
86654
56583
17013
36950
54093
68737
5181
91447
80511
59266
61649
41343
37267
13829
43927
43317
10356
89091
949
27881
69611
55274
7013
26688
35509
13462
67039
6811
26253
85159
14419
40893
25310
16402
78436
90649
64640
10258
4048
28844
2554
52309
9493
95418
59302
2437
91034
40485
2244
90583
81409
11804
44790
59684
53527
28253
837
5865
1677
24438
27392
2968
5231
81304
47009
86783
71574
43716
218
97477
54175
40112
95618
55962
54672
22419
59044
62063
79522
97155
16022
88823
45084
50499
16181
82455
89253
39650
84933
10295
60566
75650
35283
20578
86369
41684
39098
1085
96242
36843
60513
70822
1467
86864
11885
90963
66990
70866
87523
25293
24865
71850
35922
78052
39253
12657
2765
64844
47930
38324
1706
90843
19517
69367
65544
71980
80060
96460
35944
21037
63098
32052
47106
12981
80281
41531
93382
96394
93804
21295
41447
92067
36680
58700
35825
16993
9021
95968
51347
85584
17806
37690
94513
35173
30442
88742
81355
37526
44327
20741
95874
69351
56455
64086
11777
24517
65585
3963
21035
25786
27253
33839
35942
75908
82257
20279
4074
37583
70845
24126
20176
17646
29465
53839
47846
4841
90709
18043
1515
177
83047
96254
52204
63836
80141
60986
44713
36135
78576
66553
57578
62169
30939
79304
91703
50881
49530
33619
30869
62905
27497
71625
94802
51076
48676
14613
70392
36544
42415
139
31893
84003
24847
66392
61675
82418
29660
13654
32437
52762
34151
12618
73498
88819
62918
67639
22215
7410
3162
35065
2679
42311
94548
60349
9353
67516
25896
52711
26379
68594
68829
30167
36311
61775
18547
857
57868
50613
49087
58779
24987
31550
82734
67056
38374
6095
26083
88586
89467
48101
3232
84541
44473
30026
62250
69190
31348
17915
54679
20051
38764
17733
40871
6196
20860
61625
94320
19858
3760
703
21265
45384
74044
99344
80283
39957
87716
77613
84307
27426
27276
14314
84812
40268
71305
36880
11002
92353
9412
56685
17170
71141
84689
96012
56269
43930
75415
97156
45053
62722
48250
19654
71291
45477
41622
87982
69959
93377
49044
14286
64472
53431
14695
51390
96315
28566
22943
2541
44447
69937
47501
34986
52311
29477
6621
77643
76767
89137
86340
315
69593
15491
49098
90884
3909
50524
96101
2900
52822
57282
36339
71005
45459
76002
81153
49214
22297
7949
7443
94035
8719
22087
21375
27706
73465
44286
45155
77666
18659
59767
46287
48973
14790
60319
99368
88186
68514
23848
21498
59
37328
68811
62774
34038
79960
24072
52731
47288
81974
77222
83656
9510
33751
37560
71524
74438
14994
52601
4076
27688
33123
99205
83200
60959
65523
1372
86601
17122
14347
48209
56341
30537
3844
55774
45248
27276
36604
2414
66475
75786
71963
89087
30019
83629
66708
16852
24039
33116
12118
23321
56395
30861
44799
49334
76742
66437
15445
67262
14205
57678
43913
66932
42577
75950
62288
28774
90597
19798
7230
29998
53188
51604
71007
56422
19549
22317
43779
29423
23968
31936
61642
68278
40724
72248
95331
56741
34094
50658
53993
60854
26267
29750
15022
8076
59769
65183
1679
79749
31220
7475
2455
46175
11135
50765
34698
63503
35956
1444
2406
99156
95168
3062
95440
33425
82010
83979
68668
29119
7968
12969
22974
84525
86320
42661
31657
25857
20551
38081
19672
92264
36358
4690
90838
77582
62124
62779
76126
57462
89019
38494
35508
42839
79645
65859
20600
36666
50487
33435
78843
37627
62255
68664
90954
35484
79423
13509
27978
46801
71563
16670
41824
63755
50235
65981
28096
41034
54617
84253
82739
45970
18025
24595
6477
72798
27502
93183
43436
2505
21736
43985
71311
20583
78918
25690
57993
44346
73702
93602
83681
442
72784
1395
54792
88722
23608
43415
58557
25448
59490
3957
7652
41420
74062
29534
82766
78416
97346
75799
68223
19696
89378
71319
66324
51131
25170
13108
76628
59758
40896
6591
63534
91063
50445
29166
15753
76182
97490
15036
83415
57542
4307
49301
2902
94103
26441
56520
17643
76052
46171
99086
82402
71477
20290
38162
87082
59510
12732
13067
77253
15943
4922
65168
64084
20575
48386
36392
8698
86853
87702
5059
25613
49267
92388
70331
79751
24168
36245
61306
38746
82520
85832
43856
84869
12559
2144
78202
77267
87979
43849
96148
85812
41404
96483
36247
14009
71229
52590
32336
25466
22944
93752
80231
9821
70395
20289
93936
69204
54158
11932
53553
35596
13909
82041
42771
47404
23732
68745
56808
45808
38153
46929
82830
92778
80946
35288
52965
44886
4438
53128
42354
94255
87116
92986
7210
5512
82238
78537
75101
87034
82937
10258
46460
81903
8634
95758
95470
80798
22900
17778
63762
30077
57419
31899
42647
66042
87130
24389
38560
13274
67794
92733
34442
44435
587
10230
36945
8655
69609
71249
4645
43340
68965
21229
67300
90213
54368
5532
57700
61877
69466
19328
22099
3847
98988
50446
55947
25281
81029
56569
85725
5844
4518
43726
23780
731
58859
31201
73710
43364
2791
63211
46128
21359
9134
2109
21678
2179
73785
6648
24988
23957
72144
10572
75591
82238
68891
46511
29884
25902
61880
76158
92781
10185
50273
3944
48175
74472
79534
85588
78299
49370
53126
85230
71906
95702
85973
53715
68470
67765
17485
34104
8414
15177
50502
91938
90023
42661
76727
21296
27775
82723
71643
45492
43971
3833
79777
35502
7728
46563
47137
31305
5359
37027
81695
39417
62168
42274
34014
19293
16084
58462
93817
63347
75739
96943
32995
43096
43499
99126
8641
98805
92214
6459
16494
97802
43119
72966
18597
63938
90529
32898
9187
57471
71726
4014
30893
98592
45299
2940
92380
85361
28175
56156
25758
98764
2155
75369
86902
68584
2419
54020
96725
76498
32222
42025
63494
62195
58843
87980
54748
67145
51613
21104
69498
89991
47737
26048
57954
62379
65036
94765
34268
88429
640
13798
27354
59422
53685
15730
86638
87
3256
8474
75286
10910
41416
66944
94390
62709
59424
3974
88097
46676
53735
51582
87475
18463
84932
24402
40494
30799
1988
10657
70585
46922
61557
7452
8956
49415
50888
80442
82038
66750
79530
72630
3708
32876
35773
53843
80497
590
83087
60450
23971
59452
33349
95985
99811
39156
11204
47668
27127
34449
29702
28853
58973
3897
47903
75006
11038
30574
91157
9350
21493
71001
85099
87905
98884
15455
97701
35673
83373
65104
7768
26178
14859
4119
27750
78655
67094
47074
77839
3873
72824
97230
7132
76665
74517
99267
89291
63737
21056
38957
59027
61905
24329
88550
45200
81632
45204
84898
13609
46983
85345
23995
91973
23571
70242
81618
17189
38048
63056
10442
3157
83369
52645
54383
11119
70763
75526
2675
51032
24225
82328
19996
43897
1318
81336
49709
66453
11020
59987
86273
32091
49279
49497
997
80183
20693
11660
58905
63637
63401
44662
76314
74265
34516
26022
31823
97109
91239
73740
83859
3018
45648
42681
52972
29284
44227
61775
61762
96288
68669
86745
22326
10538
32483
46911
14401
14498
1030
49923
23825
94091
25537
99658
76811
18205
39320
96786
73976
28651
99518
9798
89996
7693
26666
23282
24983
96920
32062
18485
19362
39965
97868
47511
9163
31366
14409
39250
89920
33626
31947
89777
73084
67583
34177
3829
53087
10147
15537
99367
33978
53451
70367
58592
89364
64322
28945
45001
84539
57253
29478
24587
84218
20120
10227
91475
5095
80320
20929
5028
76759
10561
1421
67945
9852
58876
58390
91087
93909
17004
88228
80339
92948
39183
97326
41221
32045
43684
86156
38797
24860
24389
8306
33211
43074
68339
99720
52000
29309
69007
13719
91206
28032
29857
29035
4549
76684
41005
1297
35108
18302
87838
95118
10044
50708
38674
96310
9811
45307
39883
30582
41737
80286
94762
75115
30992
71148
63447
1461
92829
99270
56118
22983
59333
95824
79538
64808
43250
1739
28899
61966
35874
74267
68288
50444
30629
63141
82772
61405
10522
38233
75041
92522
74437
9856
76941
2019
40650
20967
15656
82932
55582
69727
72684
99473
37972
31904
83209
34150
94167
26607
26691
82549
97705
39896
11072
23856
5473
13727
43270
16054
60385
27544
70688
23990
74277
16116
96208
25175
49363
17959
83958
12999
98447
66491
89955
62937
84414
84352
46983
25494
11847
87277
77111
77952
86798
24093
57617
58351
61190
59212
19867
66313
77885
63746
36641
8461
20079
60225
2646
17021
45633
73406
72436
32646
40333
55523
83628
17477
93826
29052
78428
61523
80888
37937
20188
29764
73295
53590
70733
41702
40316
86751
3944
87436
66945
92580
79165
44826
13233
24827
95359
58216
87431
61304
86281
40673
20756
59239
3669
33868
48641
79306
374
66980
6636
90217
80360
16087
58584
71043
58429
31593
97082
69349
44074
8426
24690
84931
8378
51495
505
2834
61058
99389
99651
74340
66028
18500
83549
99625
96332
20045
76499
23764
12666
38101
29705
27488
15520
75753
49509
26327
21723
48501
99574
66320
52359
35332
14158
52174
84201
1597
67164
27122
58637
49133
8573
86806
81055
24799
83622
4450
62169
80416
55536
70346
32192
37739
45324
83026
26860
1323
56436
43040
68203
23050
71503
79438
88061
19551
90534
84187
49311
70590
45920
25051
73361
91994
54433
5570
39669
3228
90549
40692
21621
81708
13508
10702
84384
81961
66149
81385
56439
76557
46311
26155
50210
59960
24814
20896
12472
29770
41435
77779
47429
63417
60769
95937
10130
3986
4995
66831
48400
75876
87017
41905
7571
84210
91517
77821
96296
30327
10672
25468
11427
33818
44822
30283
76317
50954
26267
94162
80488
72691
13395
62661
62815
22847
19511
197
14311
83776
69999
39527
91123
5215
26846
26339
93608
65950
89020
33134
15209
4284
55856
66017
53522
25515
3899
78927
86737
68864
18848
44282
56791
81125
89207
18447
37182
50524
87202
42291
15060
88889
90454
61128
44263
26910
48494
91924
28104
88223
64161
7477
61064
39901
90010
65874
68735
83007
60515
50547
26416
44753
27809
29331
5293
26054
64899
5531
18066
21484
88014
58553
19019
79113
28469
51404
98086
31958
17206
42375
30063
87321
35531
2176
31534
25942
27135
11600
93929
6994
29333
87738
29579
35147
73135
27847
51714
83300
30878
91230
22272
19867
82327
55060
23235
81740
43078
93620
84861
23969
65505
91377
94908
73352
21838
85898
82945
90860
55431
18396
40288
97160
47552
48300
50592
24979
38675
33473
30868
36174
87573
99934
90929
97410
65577
60198
44336
50316
27534
99913
65486
45098
1328
57580
61786
7047
6064
18695
11163
42814
77639
21574
65892
24156
38827
26548
49701
6127
89011
522
9626
93681
25653
18552
29797
38277
70931
81811
20711
34501
8423
33493
62087
38394
29020
72879
57021
20723
27225
65156
15885
12915
54795
27263
19716
9304
30071
15500
67057
68030
73715
82009
41594
99935
45188
76364
51326
22983
72544
57404
81892
89666
56575
37770
14770
56220
87905
87122
29462
85168
50165
82905
1478
56835
32698
4338
3352
74122
85115
14393
51228
11834
61856
41696
53546
68312
79596
19811
58744
6728
91964
68307
3324
49598
24036
41989
90591
27490
11958
45341
92539
18908
94197
34356
14340
59763
24353
92815
91158
3669
30263
84080
54211
69604
8499
31231
51653
55883
68373
78221
96722
29550
85545
83082
4298
98608
61552
2740
48324
64779
55024
34480
8081
48216
79091
48486
75634
34583
20975
13304
50521
11329
31008
9374
18496
11310
18541
46240
75554
28394
4479
60751
98405
41950
88672
41585
94945
42010
66675
66417
91881
4709
82983
45578
38223
64733
68011
19370
15847
73841
79556
2180
19861
66926
86298
775
23441
56523
51247
46398
62159
3022
30160
27054
92319
93785
54162
71662
88606
21518
32235
2666
75564
6852
33956
50940
15627
12646
14313
78533
33219
66212
50001
17765
94576
75250
12432
12749
36325
62067
84064
51316
47476
86509
24272
68038
63321
68959
89889
5458
56574
39334
11337
58734
1634
41683
82431
22135
83648
22526
36511
35293
40972
71431
64112
69880
7971
91543
46871
44977
27411
83140
51865
90079
4877
79431
32389
90331
12898
73835
52320
54840
44338
60181
13391
41246
51982
23823
56256
89223
3481
98354
65773
50248
9892
91984
95538
153
84495
33660
96296
31771
84436
44991
8935
72600
37543
72367
85574
8636
31071
19942
6075
12138
16986
81024
3505
46172
74334
12553
60494
12500
2250
1137
98982
47201
86259
85210
74066
63348
62851
82896
1647
6910
86054
50955
11130
57826
32002
81536
44884
88794
32055
66182
77144
55020
17227
5609
1949
15967
4493
66132
80050
36758
89576
18715
18600
53492
80200
85302
55751
5020
4500
51407
32874
44882
6507
78464
61
28759
88431
88927
3285
7344
49208
59699
23291
85719
47896
33384
57894
59713
14644
52364
26408
27996
35901
38774
70879
5224
15149
72467
53281
64331
77550
46255
69268
78921
12995
50057
37957
2427
43266
84139
14726
88988
67500
37002
34815
92484
40687
70054
76072
11611
78916
82601
36512
46204
68774
78301
46142
39377
36497
62801
56194
98397
24717
37324
34241
2567
11644
16427
92843
68948
65902
91834
64369
55269
21770
